SubjectID, Experiment, Height, Gender, Age, LocomotionRandomOrderId, TrialArray
04CK, locima, 61", female, 23, 1, [see code]Trial, ObjectId, RealStartVectorX, RealStartVectorY, RealStartVectorZ, PerfectStartVectorX, PerfectStartVectorY, PerfectStartVectorZ, RealStartAngleX, RealStartAngleY, RealStartAngleZ, PerfectStartAngleX, PerfectStartAngleY, PerfectStartAngleZ, StartErrorX, StartErrorY, StartErrorZ, RealEndVectorX, RealEndVectorY, RealEndVectorZ, PerfectEndVectorX, PerfectEndVectorY, PerfectEndVectorZ, RealEndAngleX, RealEndAngleY, RealEndAngleZ, PerfectEndAngleX, PerfectEndAngleY, PerfectEndAngle, EndErrorX, EndErrorY, EndErrorZ, RealChangeX, RealChangeY, RealChangeZ, PerfectChangeX, PerfectChangeY, PerfectChangeZ, ChangeErrorX, ChangeErrorY, ChangeErrorZ, ElapsedTime
 
LOCOMOTION
 
IMAGINATION
0, 2, -0.08133759, 0.05072372, -0.9953952, -0.01081771, 0.04962395, -0.9987094, 177.0828, 184.6715, 301.9485, 177.1554, 180.6206, 347.7023, 0.07260132, 4.050888, 45.75378, 0.8184828, 0.2484529, -0.5180322, -0.2938927, 0.7921851, -0.5348549, 154.3772, 122.3304, 73.11417, 124.0258, 208.788, 339.6457, -30.35141, -86.45753, 266.5315, -22.70561, 62.34104, -228.8343, -53.12962, -28.16737, -8.05661, -30.42401, 90.50842, 220.7777, 12.7603
1, 3, -0.04090802, 0.009249532, -0.9991202, 0.004180862, 0.0498708, -0.9987469, 179.4696, 182.3446, 282.7407, 177.1414, 179.7602, 4.792121, -2.328186, 2.584442, -277.9485, -0.9593, -0.01594973, -0.2819384, 0.9919927, 0.07899262, -0.09854215, 183.2379, 253.6219, 269.0475, 141.2839, 95.67301, 85.44713, -41.95396, 157.9489, -183.6003, 3.76828, -71.27731, -13.69321, -35.8575, 84.08715, 80.65501, -39.62578, -155.3645, 94.34821, 12.15996
2, 8, -0.07269628, 0.02033765, -0.9971468, 0.03023988, 0.05077871, -0.998252, 178.8316, 184.1697, 285.6296, 177.088, 178.2649, 30.77476, -1.743561, 5.904846, -254.8548, 0.6747764, -0.07296237, -0.7344069, 0.3376869, -0.9082332, -0.2471438, 185.6736, 137.4231, 96.17131, 254.7775, 126.1994, 159.6045, 69.1039, 11.22369, 63.43323, 6.842072, 46.74666, -189.4583, 77.68953, 52.06551, 128.8298, 70.84746, -5.318848, 318.288, 13.27145
3, 5, -0.04359403, 0.0444041, -0.998062, 0.001958984, 0.04601724, -0.9989387, 177.4526, 182.501, 315.5274, 177.3625, 179.8876, 2.437647, -0.09010315, 2.613388, -313.0898, 0.387381, 0.04978997, 0.9205742, -0.8287414, 0.1544763, 0.5378892, 3.09587, 22.82154, 82.67594, 16.02352, 302.9853, 280.5587, 12.92765, -280.1638, 197.8828, -174.3567, 159.6795, -232.8515, -161.3389, -123.0977, 278.121, 13.01776, 282.7772, 510.9725, 10.07271
4, 1, -0.06393706, 0.07366297, -0.9952317, -0.03996287, 0.04444227, -0.9982123, 175.7669, 183.6758, 319.0431, 177.4508, 182.2926, 318.0378, 1.683853, 1.383255, -1.005249, 0.6747062, 0.04353477, -0.7368015, 0.1866697, 0.1074878, -0.9765248, 176.6185, 137.519, 86.30817, 173.7186, 169.1781, 60.06588, -2.899902, -31.65912, -26.24229, 0.8516235, 46.15688, -232.7349, -3.732132, 13.1145, -257.972, -4.583755, 33.04237, -25.23703, 6.641319
5, 7, -0.1173074, 0.02921715, -0.9926657, -0.02978819, 0.05208351, -0.9981984, 178.3141, 186.7396, 283.9858, 177.0132, 181.7093, 330.2334, -1.300934, 5.030304, 46.24759, -0.9895304, 0.1438231, -0.01203137, -0.2477792, 0.8143069, -0.5248902, 94.78189, 269.3034, 278.2697, 122.8052, 205.2701, 343.0759, 28.02334, 64.03334, 64.80618, -83.53221, -82.5638, -5.716064, -54.20794, -23.56076, 12.84253, 29.32427, -59.00304, 18.55859, 9.261646
6, 4, -0.1203939, 0.1279241, -0.9844496, 0.009336712, 0.0409271, -0.9991185, 172.5962, 186.9724, 316.737, 177.6543, 179.4646, 12.85098, 5.058075, 7.507813, -303.886, 0.09090625, 0.07376979, 0.9931234, 0.3934463, 0.5311728, -0.7503703, 4.248162, 5.230035, 50.94091, 144.7061, 152.3304, 36.52781, 140.4579, -147.1003, -14.41311, -168.348, 181.7424, -265.7961, -32.94823, 27.13423, 23.67683, 135.3998, 154.6081, 289.4729, 7.096474
7, 6, -0.07654488, 0.1243484, -0.9892818, 0.01161899, 0.04368643, -0.9989777, 172.8358, 184.4244, 328.3849, 177.496, 179.3336, 14.89379, 4.660233, 5.090759, -313.4911, 0.5329827, 0.2162385, -0.8180284, 0.3908182, 0.5405208, -0.7450492, 165.1931, 146.9139, 67.91692, 144.0397, 152.3206, 35.86844, -21.15331, -5.406662, -32.04848, -7.6427, 37.51047, -260.468, -33.45624, 27.01305, 20.97465, -25.81354, 10.49742, 281.4426, 10.53899
8, 1, 0.003294917, 0.1271591, -0.9918768, -0.0005903855, 0.04621335, -0.9989314, 172.6945, 179.8097, 1.484303, 177.3512, 180.0339, 359.2681, 4.656723, -0.2241821, 357.7838, 0.3910816, -0.4097265, 0.8241234, -0.1462219, -0.8638024, 0.4821459, 333.565, 25.38633, 136.3338, 299.1688, 343.1289, 189.6078, -34.39615, -317.7426, 53.27402, 160.8705, 154.4234, 134.8495, 121.8176, -163.095, -169.6603, -39.05287, 317.5184, -304.5098, 6.752363
9, 4, -0.02902213, 0.1283408, -0.9913055, -0.009000924, 0.04492946, -0.9989496, 172.6232, 181.677, 347.2578, 177.4248, 180.5163, 348.6716, 4.801605, 1.160706, 1.413818, 0.9904101, 0.041725, 0.1317073, -0.886431, 0.1500821, 0.4378534, 17.57825, 82.4251, 87.58762, 18.92007, 296.2871, 279.6096, 1.34182, -213.862, 192.022, -155.0449, 99.25185, -259.6702, -158.5047, -115.7709, -69.06198, -3.459793, 215.0227, 190.6082, 9.051081
10, 0, -0.03878294, 0.03951412, -0.9984663, -0.02470124, 0.04760219, -0.9985609, 177.7337, 182.2244, 315.535, 177.2707, 181.417, 332.5748, -0.4629669, 0.807373, 17.03973, -0.7338374, 0.04320912, 0.6779495, 0.9875468, 0.08229923, -0.1340831, 3.646814, 312.733, 273.3698, 148.4587, 97.73199, 85.23615, 144.8119, 215.001, -188.1336, -174.0869, -130.5086, -42.16528, -28.81204, 83.68504, -247.3386, 145.2748, -214.1937, -205.1733, 6.630057
11, 1, -0.08407246, -0.008973868, -0.9964194, -0.01106454, 0.0388548, -0.9991837, 180.516, 184.8229, 263.9073, 177.7731, 180.6344, 344.1048, -2.74292, 4.188461, 80.19748, 0.8137134, -0.006158496, -0.5812337, 0.3140842, -0.9110783, -0.2669971, 180.6071, 125.5381, 90.43363, 253.6664, 130.3672, 160.9789, 73.05939, -4.829094, 70.5453, 0.09104919, 59.28475, -173.4737, 75.89336, 50.2672, -183.1259, 75.80231, 9.017555, -9.652176, 6.453948
12, 8, -0.04723201, 0.002677746, -0.9988803, -0.008673676, 0.04876761, -0.9987724, 179.8464, 182.7072, 273.2448, 177.2046, 180.4976, 349.915, -2.641785, 2.209641, 76.67017, -0.6973612, 0.02385817, -0.7163227, -0.1612718, -0.3148931, -0.9353254, 178.0924, 224.2316, 271.9594, 198.6067, 189.7829, 207.1192, 20.51428, 34.44862, -64.84029, -1.754013, -41.52435, -1.28537, 21.40205, -9.28537, -142.7958, 23.15607, -32.23898, -141.5105, 8.706105
13, 6, 0.02977112, 0.06732045, -0.9972873, 0.002504342, 0.04737146, -0.9988742, 176.1382, 178.2901, 23.85645, 177.2848, 179.8564, 3.026184, 1.146606, -1.566238, -20.83027, -0.9407753, 0.03266187, -0.3374538, -0.1468734, -0.3136515, -0.9381103, 174.4716, 250.2672, 271.9884, 198.487, 188.8982, 205.0923, 24.01544, 61.36903, -66.89613, -1.66658, -71.9771, 248.1319, 21.20226, -9.041824, 202.0661, 22.86884, -62.93527, -46.06586, 9.739374
14, 2, -0.02012592, 0.05654426, -0.9981972, -0.009491227, 0.04363204, -0.9990026, 176.7579, 181.1551, 340.4077, 177.4992, 180.5443, 347.7277, 0.7412872, 0.610733, 7.319977, -0.8598704, -0.03113451, -0.5095623, -0.004345987, -0.8395649, 0.543242, 183.4964, 239.3489, 267.9263, 302.905, 359.5416, 180.2966, 119.4085, -120.1928, -87.62975, 6.738571, -58.1938, -72.48138, 125.4058, -178.9973, -167.4311, 118.6672, 120.8035, -94.94972, 6.674291
15, 5, -0.02853108, 0.061049, -0.9977269, -0.01012171, 0.04535139, -0.9989198, 176.4986, 181.638, 334.9511, 177.4005, 180.5805, 347.4187, 0.9019775, 1.057449, 12.46762, -0.9936018, 0.1067494, -0.03687822, 0.2343415, 0.09964002, -0.9670346, 109.0583, 267.8744, 276.1321, 174.1172, 166.3781, 66.96522, 65.05894, 101.4963, -209.1669, -67.4403, -86.2364, -58.81894, -3.28334, 14.20242, -280.4535, 64.15696, -100.4388, -221.6346, 7.18412
16, 3, -0.139415, -0.1959764, -0.9706476, -0.02955644, 0.06002679, -0.9977591, 191.4147, 188.1735, 215.4275, 176.5571, 181.6968, 333.7849, -14.85757, 6.476776, 118.3574, 0.251583, 0.02251084, 0.9675739, 0.1984365, 0.1007328, -0.9749236, 1.33276, 14.57498, 84.88698, 174.1009, 168.4951, 63.08617, 172.7682, -153.9202, -21.8008, -190.082, 173.5986, -130.5406, -2.456223, 13.20161, -270.6988, 187.6257, 160.3969, -140.1582, 7.095762
17, 0, -0.05865179, 0.06048188, -0.9964447, -0.002539483, 0.04356549, -0.9990474, 176.5265, 183.3686, 315.8801, 177.5031, 180.1456, 356.6639, 0.9765472, 3.222961, 40.78384, -0.3597232, 0.2037032, -0.9105515, -0.2507522, 0.7879116, -0.5624221, 167.3898, 201.557, 299.5219, 125.5198, 204.0294, 342.3464, -41.87, -2.472366, 42.82446, -9.136765, -18.18842, -16.35818, -51.98331, -23.88374, -14.31757, -42.84655, 5.695328, 2.040619, 6.451661
 
LOCOMOTION
0, 5, -0.07244626, -0.01911231, -0.9971893, -0.01189252, 0.05117222, -0.998619, 181.098, 184.1553, 255.2213, 177.0666, 180.6823, 346.9166, -4.031448, 3.472961, 91.69528, 0.04057637, 0.1083525, -0.9932842, 0.2047543, 0.1021198, -0.9734718, 173.7745, 177.6607, 20.53017, 174.0114, 168.1219, 63.49258, 0.236908, 9.538849, 42.96242, -7.323502, 6.494522, -234.6911, -3.055145, 12.56041, -283.424, 4.268356, -6.065887, -48.73286, 7.663241
1, 2, -0.1333127, 0.00977427, -0.991026, -0.02655827, 0.04854508, -0.9984679, 179.4349, 187.6614, 274.1933, 177.2165, 181.5237, 331.3176, -2.218414, 6.137772, 57.12427, 0.2876616, -0.1488382, -0.9460963, 0.2972317, -0.9164113, -0.2680365, 188.9404, 163.088, 117.3574, 253.6966, 132.0434, 162.0299, 64.7562, 31.04465, 44.67252, 9.505478, 24.57338, -156.836, 76.48009, 49.48026, -169.2877, 66.97461, -24.90688, -12.45175, 6.063907
2, 7, -0.09295596, 0.04533875, -0.9946374, -0.03273222, 0.04883432, -0.9982705, 177.3901, 185.3392, 296.0005, 177.1994, 181.878, 326.1672, -0.1906891, 3.461197, 30.16666, -0.2744166, 0.2244434, -0.9350511, -0.2788766, 0.7804247, -0.5596116, 166.5025, 196.3558, 309.2795, 125.6428, 206.4889, 340.3362, -40.85965, -10.1331, 31.0567, -10.88762, -11.0166, 13.27893, -51.55658, -24.6109, 14.16898, -40.66896, 13.5943, 0.8900452, 6.240797
3, 1, -0.07612465, 0.01968139, -0.9969042, -0.03851757, 0.04523901, -0.9982333, 178.869, 184.3667, 284.4959, 177.4052, 182.2097, 319.5881, -1.463791, 2.156982, 35.09222, 0.5839802, 0.1737948, -0.7929456, 0.1610263, 0.1002678, -0.9818437, 167.6376, 143.6295, 73.42679, 174.1691, 170.6862, 58.09032, 6.531464, -27.05669, -15.33647, -11.23138, 40.73718, -211.0691, -3.23613, 11.52351, -261.4978, 7.995255, 29.21367, -50.42868, 6.086874
4, 3, -0.1309632, 0.07257278, -0.9887275, -0.03695795, 0.04544815, -0.9982828, 175.802, 187.5453, 298.9929, 177.3933, 182.1202, 320.8824, 1.591339, 5.425049, 21.8895, 0.8813374, 0.03196711, -0.4714049, 0.9783549, 0.09046946, -0.1861098, 176.1206, 118.1412, 87.92273, 154.0752, 100.7705, 84.71683, -22.04533, 17.37066, -3.205902, 0.318573, 69.40406, -211.0701, -23.3181, 81.34967, -236.1655, -23.63667, -11.94561, -25.0954, 5.930244
5, 0, -0.1038559, 0.006644422, -0.9945702, -0.04653878, 0.04512662, -0.9978967, 179.6172, 185.9614, 273.6606, 177.4108, 182.6702, 314.1174, -2.206482, 3.291214, 40.45676, -0.2276683, 0.07036666, -0.9711929, -0.2833963, 0.784368, -0.5517728, 175.8559, 193.1931, 287.1751, 125.1249, 207.1855, 340.1349, -50.73103, -13.9924, 52.95987, -3.761292, -7.231735, 13.51443, -52.28584, -24.51535, 26.01755, -48.52454, 17.28362, 12.50311, 5.086265
6, 8, -0.1686908, -0.3516335, -0.9208136, -0.05322738, 0.07619406, -0.9956713, 200.9005, 190.3813, 205.6286, 175.624, 183.0601, 325.0627, -25.27654, 7.321274, 119.4341, 0.954577, -0.16323, -0.2492766, 0.3263437, -0.9018536, -0.2831249, 213.2174, 104.6353, 99.70358, 252.571, 130.9438, 160.1069, 39.35364, -26.30854, 60.40333, 12.31688, 85.74604, -105.9251, 76.94705, 52.11623, -164.9558, 64.63017, 33.62981, -59.03078, 7.163018
7, 2, -0.05502207, 0.13863, -0.9888145, -0.02272843, 0.04116096, -0.998894, 172.0193, 183.1849, 338.3519, 177.6404, 181.3035, 331.0932, 5.621124, 1.881454, -7.258728, -0.1003503, 0.07550906, -0.9920829, -0.2652157, 0.8026355, -0.534263, 175.6475, 185.7759, 306.9598, 123.6492, 206.4005, 341.7148, -51.99835, -20.62456, 34.75507, 3.628265, -2.590988, -31.39215, -53.99121, -25.097, 10.62164, -57.61948, 22.50601, 42.01379, 6.408462
8, 7, -0.0966813, 0.04035307, -0.9944971, -0.02616162, 0.04539201, -0.9986266, 177.6764, 185.5526, 292.6548, 177.3974, 181.5007, 330.0431, -0.2789764, 4.051971, 37.38828, 0.4711446, 0.2490193, -0.8461751, 0.1642847, 0.09959415, -0.9813723, 163.6015, 150.8913, 62.1417, 174.2052, 170.4966, 58.77454, 10.60373, -19.60538, -3.367161, -14.07495, 34.66139, -230.5131, -3.192245, 11.00404, -271.2685, 10.88271, 23.65735, -40.75545, 6.951795
9, 1, -0.08566669, 0.06974426, -0.9938799, -0.03801059, 0.04459683, -0.9982817, 175.9859, 184.9264, 309.1502, 177.4421, 182.1805, 319.5585, 1.456192, 2.74585, 10.40826, 0.6940343, 0.2943982, 0.6569978, 0.3929271, 0.8209398, 0.414326, 24.13697, 46.57029, 67.01412, 63.22005, 43.48154, 25.57721, 39.08308, 3.088741, -41.43691, -151.8489, 138.3561, -242.1361, -114.2221, 138.699, -293.9813, 37.62688, -0.3428955, -51.84518, 7.129139
10, 4, -0.1170955, -0.07561541, -0.9902378, -0.04985787, 0.04925825, -0.9975408, 184.3667, 186.7439, 237.1473, 177.173, 182.8613, 314.6534, -7.193634, 3.882584, 77.50607, 0.525443, 0.236149, -0.8174006, 0.3356718, 0.5433133, -0.7695031, 163.8859, 147.2662, 65.79949, 144.7757, 156.4323, 31.70875, -19.11014, -9.166061, -34.09074, -20.48082, 39.47769, -171.3478, -32.39732, 26.42905, -282.9446, -11.9165, 13.04865, -111.5968, 6.48596
11, 3, -0.06133196, 0.06058444, -0.9962772, -0.03457161, 0.0327468, -0.9988655, 176.5201, 183.5228, 314.6487, 178.1223, 181.9823, 313.4473, 1.602219, 1.540482, -1.201416, 0.9438458, 0.1961185, 0.2658808, 0.4007119, 0.8202255, 0.4082401, 36.41316, 74.2675, 78.26173, 63.53969, 44.46681, 26.0373, 27.12653, 29.80069, -52.22444, -140.1069, 109.2552, -236.3869, -114.5826, 137.5155, -287.41, 25.52431, -28.26021, -51.02303, 6.307479
12, 5, -0.04454702, -0.03258498, -0.9984758, -0.01803457, 0.04835641, -0.9986673, 181.8692, 182.5546, 233.8155, 177.2278, 181.0346, 339.547, -4.641327, 1.519974, 105.7315, 0.5831628, -0.01558706, -0.8122059, 0.3043893, -0.9065312, -0.2924865, 181.0994, 144.3217, 91.53107, 252.118, 133.8576, 161.4393, 71.0186, 10.46413, 69.90825, -0.7697449, 38.23285, -142.2844, 74.89018, 47.177, -178.1077, 75.65993, -8.944153, -35.82321, 6.119172
13, 7, -0.08340224, -0.02021855, -0.9963108, -0.03717294, 0.04634502, -0.9982336, 181.1626, 184.7851, 256.3731, 177.3418, 182.1326, 321.2672, -3.820724, 2.652481, 64.8941, 0.9982997, 0.0005711261, 0.05828756, 0.9521945, 0.09097284, -0.2916328, 0.5613903, 86.65848, 89.96722, 162.675, 107.0285, 84.54252, 162.1137, -20.37001, -5.424706, -180.6012, 98.12665, -166.4059, -14.66678, 75.10416, -236.7247, 165.9344, 23.02249, -70.31882, 5.841252
14, 3, -0.1203006, 0.03866932, -0.9919842, -0.05311941, 0.04364384, -0.997634, 177.7676, 186.9146, 287.8194, 177.4951, 183.0479, 309.4071, -0.272583, 3.866791, 21.58771, 0.3207302, 0.1076928, -0.9410285, 0.334233, 0.5403944, -0.7721802, 173.4714, 161.1794, 71.43929, 145.0145, 156.595, 31.73671, -28.45685, 4.584427, -39.70258, -4.296249, 25.73526, -216.3801, -32.48051, 26.4529, -277.6704, -28.18427, -0.7176361, -61.29028, 6.996759
15, 0, -0.09620349, 0.008419332, -0.9953261, -0.05853726, 0.04050117, -0.9974633, 179.5154, 185.5208, 275.0016, 177.6748, 183.3586, 304.6789, -1.840515, 2.16217, 29.67731, 0.8624219, 0.09367369, -0.4974471, 0.9689313, 0.1028528, -0.2249298, 169.3356, 119.9765, 83.801, 155.427, 103.0693, 83.9407, -13.9086, 16.90718, 0.1397018, -10.17976, 65.54433, -191.2006, -22.24785, 80.28934, -220.7382, -12.06808, -14.74501, -29.5376, 5.906987
16, 1, -0.06468797, 0.01170606, -0.9978369, -0.09295249, 0.04696936, -0.994562, 179.3279, 183.7092, 280.2574, 177.2962, 185.3394, 296.8077, -2.031723, -1.630203, 16.55035, 0.02840187, -0.7823781, 0.6221558, -0.2598133, -0.9001064, 0.349722, 308.4921, 2.61378, 177.921, 291.2328, 323.3908, 196.1006, -17.25925, -320.7771, 18.17967, 129.1642, 181.0954, -102.3364, 113.9367, -138.0514, -100.7071, -15.22752, 319.1469, 1.629318, 5.95233
17, 5, -0.06637056, -0.003533392, -0.9977888, -0.0002427602, 0.03655084, -0.9993318, 180.2029, 183.8056, 266.9526, 177.9053, 180.0139, 359.6195, -2.297577, 3.791656, 92.66687, -0.4922302, 0.0638595, 0.8681195, -0.9509074, 0.1782484, 0.2529876, 4.207142, 330.4464, 277.392, 35.16752, 284.8983, 280.6169, 30.96038, 45.5481, 3.224976, -175.9958, -146.6409, 10.43936, -142.7378, -104.8844, -79.00253, 33.25797, -41.75644, -89.44189, 6.440624
 
IMAGINATION
18, 4, -0.07533157, -0.06751939, -0.9948699, -0.005332628, 0.05368041, -0.998544, 183.8826, 184.3302, 228.1302, 176.9228, 180.306, 354.3268, -6.959747, 4.0242, 126.1966, -0.8224588, -0.05492635, 0.5661666, -0.1355832, -0.3025169, -0.9434515, 354.4588, 304.5428, 266.1793, 197.7784, 188.178, 204.1411, -156.6804, 116.3649, -62.03815, 170.5763, -120.2127, 38.04904, 20.85558, -7.871994, -150.1857, -149.7207, -112.3407, -188.2347, 8.262283
19, 6, -0.05716439, -0.002655116, -0.9983613, 0.01383091, 0.04854711, -0.9987251, 180.1524, 183.2771, 267.3407, 177.2171, 179.2066, 15.90208, -2.935272, 4.07048, -251.4386, 0.003562947, 0.5182035, 0.8552499, 0.4122747, 0.7950689, 0.444854, 31.21204, 0.2386912, 0.3939352, 60.77228, 42.82325, 27.40853, 29.56024, -42.58456, 27.0146, -148.9403, 183.0384, -266.9468, -116.4448, 136.3833, 11.50645, 32.49551, 46.65504, 278.4532, 9.406976
20, 8, -0.07286381, 0.001638692, -0.9973406, -0.04447937, 0.04320177, -0.9980757, 179.9059, 184.1785, 271.2884, 177.5215, 182.5517, 314.1652, -2.384354, 1.626801, 42.87686, 0.5405, 0.5416351, 0.6438099, 0.4098783, 0.8264005, 0.3860855, 40.07379, 40.01458, 44.9399, 64.95852, 46.71217, 26.3805, 24.88473, -6.697586, -18.5594, -139.8321, 144.1639, -226.3485, -112.563, 135.8395, -287.7847, 27.26908, 8.324387, -61.43626, 6.030138
21, 3, -0.1240063, -0.009464356, -0.9922366, -0.07228483, 0.04510669, -0.9963636, 180.5465, 187.1237, 265.6356, 177.4079, 184.1495, 301.9647, -3.138565, 2.974228, 36.32916, -0.9513993, 0.277286, -0.1339851, 0.4709271, 0.7968501, 0.3784938, 115.7899, 261.9838, 286.2488, 64.59287, 51.21045, 30.58248, -51.19704, 210.7733, -255.6663, -64.75658, -74.86008, 20.61322, -112.8151, 132.939, -271.3822, -48.05848, -207.7991, -291.9955, 7.907423
22, 7, -0.08401255, 0.06963155, -0.994029, -0.02862653, 0.04267685, -0.9986787, 175.993, 184.831, 309.6527, 177.5531, 181.6419, 326.1473, 1.560059, 3.189087, 16.49457, 0.7945754, 0.0284676, -0.6064981, 0.9642341, 0.0868575, -0.2504166, 177.3126, 127.3544, 87.94812, 160.8708, 104.5584, 84.85273, -16.44185, 22.79604, -3.09539, 1.319641, 57.47655, -221.7046, -16.68227, 77.08351, -241.2946, -18.00191, -19.60696, -19.58997, 7.006604
23, 2, -0.09074869, -0.0292836, -0.9954432, -0.03890559, 0.04750428, -0.9981131, 181.685, 185.2089, 252.1157, 177.2751, 182.2322, 320.6828, -4.409897, 2.9767, 68.56714, 0.2335636, -0.5926761, 0.7708328, 0.2985572, -0.8886789, -0.3480134, 322.4441, 16.8569, 158.4914, 248.6143, 139.374, 161.4299, -73.8298, -122.5171, 2.938477, 140.7591, 168.352, -93.62425, 71.3392, 42.85817, -159.2529, -69.41991, 125.4938, -65.62866, 7.951183
24, 8, -0.05459472, 0.0008815842, -0.9985084, -0.07993383, 0.04334762, -0.9958572, 179.9494, 183.1296, 270.9251, 177.5076, 184.5891, 298.4707, -2.441803, -1.459488, 27.54559, -0.6485758, 0.2337871, 0.724357, -0.9448696, 0.1708333, 0.2793518, 17.88754, 318.1593, 289.8223, 31.44723, 286.4704, 280.2484, 13.55968, 31.68896, -9.573914, -162.0619, -135.0297, 18.89722, -146.0604, -101.8813, -18.22229, 16.00148, -33.14845, -37.11951, 8.473198
25, 1, -0.05835585, -0.03049791, -0.99783, -0.001286396, 0.04637988, -0.9989231, 181.7507, 183.347, 242.4076, 177.3417, 180.0738, 358.4113, -4.408981, 3.273209, 116.0037, 0.3922048, -0.498497, 0.7730952, 0.4062632, 0.8659835, 0.2915866, 327.1858, 26.89948, 141.8052, 71.39103, 54.33192, 25.13292, -255.7948, -27.43244, -116.6723, 145.4351, 156.4475, -100.6023, -105.9506, 125.7419, -333.2784, -251.3858, 30.70566, -232.676, 8.395939
26, 5, -0.1408655, 0.08438091, -0.9864265, -0.03206436, 0.04141207, -0.9986275, 175.1107, 188.1271, 300.9224, 177.6254, 181.8391, 322.2502, 2.514648, 6.288055, 21.32788, -0.7846019, -0.4972759, -0.3702928, 0.3585135, -0.8837638, -0.3007149, 233.3271, 244.735, 237.6337, 251.2083, 129.9893, 157.9193, 17.88124, 114.7457, -79.71448, 58.21634, -56.60794, -63.28864, 73.58293, 51.8497, -164.331, 15.36659, -108.4576, -101.0424, 8.752419
27, 7, -0.06150711, 0.1540636, -0.9861448, -0.02550586, 0.03973492, -0.9988847, 171.1206, 183.569, 338.2365, 177.722, 181.4627, 327.3036, 6.60144, 2.106293, -10.93295, -0.7219915, -0.2013332, -0.6619618, 0.1951117, 0.1059215, -0.9750446, 196.9169, 227.4837, 254.4184, 173.8001, 168.6843, 61.50352, -23.11679, 58.79941, -192.9149, 25.79636, -43.91469, -83.81812, -3.921875, 12.77843, -265.8001, -29.71823, -56.69312, -181.982, 6.540929
28, 3, 0.02481421, 0.04444959, -0.9987033, -0.01118387, 0.04282661, -0.9990199, 177.4516, 178.5767, 29.17266, 177.5453, 180.6414, 345.3645, 0.09370422, -2.064682, 316.1918, -0.2281197, 0.2226428, 0.9478352, 0.3745375, 0.5002205, -0.7807055, 13.21891, 346.4677, 314.3039, 147.3511, 154.371, 36.82384, 134.1322, 192.0968, -277.48, -164.2327, -167.891, 285.1312, -30.19418, 26.2704, -308.5406, 134.0385, -194.1614, -593.6718, 7.085007
29, 0, -0.01996877, -0.002817089, -0.9997966, 0.01641916, 0.04648579, -0.998784, 180.1614, 181.1442, 261.97, 177.3352, 179.0582, 19.45364, -2.826202, 2.085999, -242.5164, 0.1173137, -0.8527296, 0.5090086, -0.2124197, -0.9443365, 0.2512102, 300.8337, 12.9786, 172.1667, 284.8967, 319.7826, 192.6772, -15.93698, -306.804, 20.51041, 120.6722, 168.1656, -89.80325, 107.5615, -140.7244, 173.2235, -13.11078, 308.89, 263.0268, 8.551094
30, 7, -0.06272743, 0.01707645, -0.9978848, -0.03235967, 0.04057859, -0.9986522, 179.0196, 183.5969, 285.2287, 177.6732, 181.8559, 321.4292, -1.346451, 1.740982, 36.20044, 0.04969126, 0.02617418, 0.9984216, -0.9780868, 0.203337, 0.04472444, 1.501697, 2.84925, 62.22261, 77.59519, 272.6181, 281.7441, 76.0935, -269.7689, 219.5215, -177.5179, 180.7477, -223.0061, -100.078, -90.76218, -39.68509, 77.43995, 271.5098, 183.321, 7.875446
31, 5, -0.01830669, 0.039644, -0.9990463, 0.003879732, 0.04224954, -0.9990995, 177.7276, 181.0498, 335.2136, 177.5785, 179.7775, 5.246699, -0.1490479, 1.272263, -329.9669, -0.7296286, 0.469484, 0.4972192, -0.2331814, 0.7518612, -0.61671, 43.35661, 304.2732, 302.7595, 129.3601, 200.7119, 342.7693, 86.00351, 103.5614, 40.0098, -134.371, -123.2234, -32.45407, -48.21841, -20.93436, 337.5226, 86.15256, -102.2891, 369.9767, 6.175488
32, 4, 0.05260863, 0.03735297, -0.9979165, -0.01920742, 0.04076045, -0.9989843, 177.8564, 176.9823, 54.62464, 177.6635, 181.1015, 334.7689, -0.1928406, -4.119232, 280.1443, -0.741029, 0.05444241, 0.6692623, 0.9434749, 0.07372762, -0.3231396, 4.650594, 312.0869, 274.2019, 167.1474, 108.9063, 85.53172, 162.4968, 203.1805, -188.6702, -173.2058, -135.1046, 219.5773, -10.51613, 72.19518, -249.2372, 162.6897, -207.2998, -468.8145, 7.796918
33, 2, -0.06171511, 0.007227278, -0.9980677, -0.01589622, 0.04399138, -0.9989054, 179.5851, 183.5384, 276.6793, 177.4784, 180.9117, 340.1328, -2.10675, 2.626663, 63.45343, -0.04963511, -0.04117823, 0.9979182, -0.1727915, -0.2851543, -0.9427778, 357.6371, 357.1525, 230.3203, 196.8286, 190.3858, 211.2141, -160.8085, 166.7667, -19.10614, 178.052, -173.6142, -46.35907, 19.35019, -9.474152, -128.9186, -158.7018, -164.14, -82.55957, 9.118285
34, 6, -0.1756206, -0.04449849, -0.9834517, -0.07470682, 0.04391092, -0.9962384, 182.5907, 190.1249, 255.7817, 177.4762, 184.2885, 300.446, -5.114487, 5.836395, 44.66431, 0.1703751, -0.7664018, 0.6193551, -0.1989205, -0.962062, 0.1867277, 308.9428, 15.38076, 167.4667, 280.984, 313.1891, 191.6821, -27.9588, -297.8083, 24.21547, 126.3521, 174.7441, -88.31505, 103.5078, -128.9006, -108.7639, -22.84431, 303.6447, -20.44884, 6.874007
35, 0, -0.0543627, 0.07302372, -0.9958475, -0.0387249, 0.0327266, -0.9987138, 175.8061, 183.1246, 323.334, 178.1232, 182.2205, 310.2013, 2.317062, 0.9041138, -13.13272, 0.790795, 0.2585812, -0.5547785, 0.3393929, 0.5120069, -0.789089, 155.0099, 125.0514, 71.89283, 147.0221, 156.7271, 33.53912, -7.987732, -31.6757, -38.35371, -20.79623, 58.07323, -251.4412, -31.10103, 25.49341, -276.6622, -10.30479, 32.57982, -25.22098, 8.940991
 
LOCOMOTION
18, 8, -0.05469178, 0.03212999, -0.9979863, -0.04935372, 0.04222433, -0.9978884, 178.156, 183.1368, 300.4331, 177.5771, 182.8314, 310.5485, -0.578949, 0.3053589, 10.11536, -0.0400137, 0.1833307, 0.9822366, -0.9426354, 0.1881878, 0.2757244, 10.57239, 357.6672, 347.6877, 34.31437, 286.3044, 281.2901, 23.74199, 71.36282, -66.39761, -167.5836, -174.5304, 47.25461, -143.2627, -103.4729, -29.25836, 24.32094, -71.05746, -76.51297, 8.919042
19, 0, -0.02662764, 0.01116698, -0.999583, 0.009533058, 0.04364718, -0.9990016, 179.3599, 181.5259, 292.752, 177.4983, 179.4533, 12.32059, -1.861633, 2.072662, -280.4314, 0.3261172, -0.6995214, 0.6358595, -0.1624321, -0.937164, 0.3087708, 312.2706, 27.1522, 155.0051, 288.2357, 332.2529, 189.833, -24.03491, -305.1007, 34.82794, 132.9107, 154.3737, -137.7469, 110.7374, -152.7997, 177.5124, -22.17328, 307.1734, 315.2593, 6.062889
20, 4, -0.05987295, 0.01921617, -0.998021, -0.005250419, 0.04361449, -0.9990346, 178.8969, 183.4332, 287.794, 177.5003, 180.3011, 353.1356, -1.396683, 3.13205, 65.34164, -0.4927738, -0.04824321, 0.8688191, -0.9435734, 0.1907853, 0.2706848, 356.8218, 330.4391, 264.4085, 35.17711, 286.0067, 281.4308, -321.6447, 44.4324, 17.02231, 177.9248, -147.006, -23.3855, -142.3232, -105.7056, -71.70483, -320.248, -41.30035, -48.31934, 6.785375
21, 2, -0.004545162, 0.009387872, -0.9999456, -0.0111214, 0.04477211, -0.9989353, 179.4621, 180.2604, 334.166, 177.4337, 180.6379, 346.05, -2.028366, -0.3774414, 11.88409, 0.6125731, -0.7519605, 0.2435358, -0.2274015, -0.9450365, 0.2349355, 287.9455, 68.31911, 140.8326, 283.9607, 315.9336, 193.5297, -3.984772, -247.6145, 52.69716, 108.4834, 111.9413, -193.3334, 106.527, -135.2957, -152.5203, -1.956406, 247.237, 40.81306, 5.786063
22, 1, -0.04478342, 0.0993117, -0.9940482, -0.01845635, 0.04202797, -0.998946, 174.2947, 182.5795, 335.7276, 177.5909, 181.0585, 336.2916, 3.296143, 1.521057, 0.5640259, 0.7118853, -0.4690641, -0.5226837, 0.3038423, -0.9078741, -0.2888675, 221.9053, 126.287, 123.381, 252.35, 133.5527, 161.4959, 30.44469, -7.265686, 38.11487, 47.61055, 56.2925, -212.3465, 74.75909, 47.50575, -174.7957, 27.14854, 8.786743, 37.55084, 5.852385
23, 2, -0.09661354, 0.07503214, -0.9924899, -0.04184211, 0.04581685, -0.9980732, 175.6767, 185.5599, 307.8337, 177.3717, 182.4006, 317.5962, 1.694992, 3.159317, 9.762512, -0.06573357, -0.1920568, -0.9791799, -0.1828989, -0.297129, -0.9371566, 191.0972, 183.8406, 198.8941, 197.5914, 191.0432, 211.6145, 6.494263, -7.202682, 12.72046, 15.42047, 1.71936, -108.9396, 20.21974, -8.642639, -105.9817, 4.799271, 10.362, 2.957947, 6.986087
24, 6, -0.02099022, 0.07045204, -0.9972944, -0.00459918, 0.04259481, -0.9990819, 175.9592, 181.2057, 343.4093, 177.5587, 180.2637, 353.8374, 1.599579, 0.9419861, 10.42807, 0.2408741, 0.4029884, 0.8829383, 0.427568, 0.8117268, 0.3978508, 24.53278, 15.25951, 30.86759, 63.88919, 47.0619, 27.77751, 39.35641, -31.8024, -3.090075, -151.4264, 165.9462, -312.5417, -113.6695, 133.2018, -326.0598, 37.75684, 32.74438, -13.51813, 7.0535
25, 4, -0.06034632, 0.03157835, -0.9976779, -0.005073012, 0.04527218, -0.9989619, 178.1871, 183.4614, 297.6224, 177.4052, 180.291, 353.6064, -0.7819061, 3.170471, 55.98395, 0.9664234, 0.01467921, -0.2565356, 0.9494602, 0.09127992, -0.3003221, 176.7251, 104.8662, 89.12979, 163.0939, 107.5526, 84.50853, -13.63118, -2.686348, -4.621262, -1.462036, 78.59518, -208.4926, -14.31131, 72.73837, -269.0978, -12.84927, 5.856819, -60.60522, 5.763283
26, 6, -0.1512654, -0.03841417, -0.9877466, -0.06935348, 0.04648575, -0.9965085, 182.2272, 188.7067, 255.7508, 177.3292, 183.9812, 303.8329, -4.89798, 4.725586, 48.08206, -0.1161666, -0.03858584, -0.99248, -0.1929076, -0.3024949, -0.9334257, 182.2264, 186.6759, 251.6256, 197.9559, 191.6767, 212.5265, 15.72951, -5.000809, -39.09908, -0.0007324219, 2.030838, -4.125214, 20.62675, -7.695557, -91.30635, 20.62749, 9.726395, -87.18114, 6.108795
27, 5, -0.09598801, -0.03737267, -0.9946806, -0.06250773, 0.0505585, -0.9967631, 182.1517, 185.5121, 248.7267, 177.0963, 183.5883, 308.9672, -5.05545, 1.923706, 60.24051, -0.08575343, 0.5236146, -0.8476285, -0.2940183, 0.7681234, -0.5688055, 148.2947, 185.7769, 350.6991, 126.5204, 207.3347, 339.0544, -21.77426, -21.55777, -11.64471, -33.85704, -0.2648315, 101.9724, -50.57585, -23.74631, 30.08722, -16.71881, 23.48148, -71.88522, 7.207567
28, 0, -0.08882364, -0.07407033, -0.9932895, -0.06985522, 0.04981546, -0.9963126, 184.2647, 185.11, 230.1752, 177.1376, 184.0107, 305.4936, -7.127075, 1.099365, 75.31842, 0.6660094, 0.2195284, -0.7129087, 0.3459823, 0.5265471, -0.7765594, 162.8847, 136.948, 71.75687, 145.8607, 155.9855, 33.30802, -17.02394, -19.03751, -38.44885, -21.38004, 48.16203, -158.4183, -31.2769, 28.02516, -272.1856, -9.896866, 20.13687, -113.7673, 6.641031
29, 6, -0.04154733, 0.01716048, -0.9989893, -0.03924528, 0.04631791, -0.9981555, 179.0159, 182.3815, 292.4423, 177.3432, 182.2516, 319.7253, -1.672699, 0.1299438, 27.28299, 0.4028985, 0.2878426, -0.8688035, 0.351005, 0.5246962, -0.7755575, 161.6695, 155.121, 54.45686, 145.9201, 155.6492, 33.78126, -15.74942, -0.5282593, -20.6756, -17.34641, 27.26053, -237.9855, -31.42313, 26.60233, -285.9441, -14.07672, 0.6582031, -47.9586, 5.730238
30, 8, -0.07613876, -0.01510172, -0.996983, -0.03200981, 0.04905161, -0.9982832, 180.8678, 184.3671, 258.7813, 177.187, 181.8365, 326.8726, -3.680832, 2.530594, 68.09128, 0.6167234, 0.2272514, 0.7536638, 0.3396888, 0.8715196, 0.3536454, 16.77957, 39.29348, 69.77208, 67.91366, 43.84681, 21.29415, 51.13409, -4.553333, -48.47793, -164.0882, 145.0737, -189.0092, -109.2733, 137.9897, -305.5784, 54.81492, 7.083923, -116.5692, 6.540951
31, 4, -0.1252982, 0.01948468, -0.9919277, -0.0358916, 0.03289699, -0.9988141, 178.8747, 187.1994, 278.8391, 178.1136, 182.058, 312.5073, -0.7610779, 5.141357, 33.66824, -0.0997824, -0.127343, -0.986827, -0.1914293, -0.2980083, -0.9351715, 187.353, 185.7738, 218.0813, 197.6754, 191.5686, 212.7152, 10.32237, -5.794815, -5.366104, 8.478317, 1.425552, -60.75778, 19.56177, -9.51062, -99.79213, 11.08345, 10.93617, -39.03435, 5.708348
32, 3, -0.1139873, 0.006204955, -0.9934627, -0.04596639, 0.04516888, -0.9979213, 179.6422, 186.5453, 273.1158, 177.4084, 182.6373, 314.4986, -2.233765, 3.90802, 41.38278, 0.06292434, 0.1900354, -0.9797587, 0.1776983, 0.09699488, -0.9792933, 169.0231, 176.3253, 18.32069, 174.3436, 169.7153, 61.37251, 5.320419, 6.610016, 43.05182, -10.61902, 10.22006, -254.7952, -3.064835, 12.92206, -253.1261, 7.554184, -2.701996, 1.669037, 8.98464
33, 8, -0.1010845, -0.004175093, -0.9948691, -0.0399852, 0.04280514, -0.998283, 180.2404, 185.8017, 267.6349, 177.5447, 182.2937, 316.9508, -2.695709, 3.507996, 49.31595, -0.05503334, -0.1622507, -0.9852138, -0.1798378, -0.2930869, -0.9390199, 189.3519, 183.1972, 198.7363, 197.3342, 190.8418, 211.5332, 7.98233, -7.644623, 12.79697, 9.11142, 2.604507, -68.89859, 19.78946, -8.548111, -105.4176, 10.67804, 11.15262, -36.51898, 6.164349
34, 7, -0.106888, 0.0200989, -0.994068, -0.04326692, 0.04457886, -0.9980685, 178.8417, 186.1372, 280.6494, 177.4426, 182.4823, 315.8556, -1.399124, 3.654938, 35.20624, -0.732786, 0.1234452, 0.6691681, -0.976873, 0.1782205, 0.1181385, 10.45216, 312.4018, 279.5623, 56.46047, 276.8956, 280.3393, 46.00831, 35.50623, 0.7770691, -168.3895, -126.2646, -1.087128, -120.9821, -94.41335, -35.5163, 47.40743, -31.85129, -34.42917, 8.118799
35, 6, -0.05681338, 0.0385217, -0.9976414, -0.02143711, 0.04485406, -0.9987636, 177.7887, 183.2593, 304.1388, 177.4286, 181.2296, 334.4554, -0.3601379, 2.029755, 30.31662, 0.2807234, -0.7818034, 0.5567566, -0.1141613, -0.945574, 0.3047245, 305.4563, 26.75779, 160.2482, 287.8623, 339.4622, 186.8841, -17.59406, -312.7044, 26.63589, 127.6676, 156.5015, -143.8906, 110.4337, -158.2326, -147.5713, -17.23392, 314.7341, -3.680725, 5.720057
