SubjectID, Experiment, Height, Gender, Age, RandomOrderId, TrialArray
06EC, full, 72", male, 17, 4, [4,8,1,5,7,0,3,2,6,7,5,8,1,4,6,2,3,0,4,3,0,8,5,6,7,1,2]
Trial, ObjectId, RealStartVectorX, RealStartVectorY, RealStartVectorZ, PerfectStartVectorX, PerfectStartVectorY, PerfectStartVectorZ, RealStartAngleX, RealStartAngleY, RealStartAngleZ, PerfectStartAngleX, PerfectStartAngleY, PerfectStartAngleZ, StartErrorX, StartErrorY, StartErrorZ, RealEndVectorX, RealEndVectorY, RealEndVectorZ, PerfectEndVectorX, PerfectEndVectorY, PerfectEndVectorZ, RealEndAngleX, RealEndAngleY, RealEndAngleZ, PerfectEndAngleX, PerfectEndAngleY, PerfectEndAngle, EndErrorX, EndErrorY, EndErrorZ, RealChangeX, RealChangeY, RealChangeZ, PerfectChangeX, PerfectChangeY, PerfectChangeZ, ChangeErrorX, ChangeErrorY, ChangeErrorZ, ElapsedTime
0, 4, -0.396647, 0.5819669, -0.7099195, 0.002816016, -0.3574463, -0.9339294, 140.6563, 209.193, 325.7231, 200.9435, 179.8272, 179.5486, 60.28723, 29.36577, -146.1745, 0.584919, 0.5985705, 0.5473418, 0.5832894, 0.5309417, 0.6147149, 47.55974, 46.90083, 44.33913, 40.81783, 43.49739, 47.68983, -6.741909, 3.403439, 3.350708, -93.09657, 162.2922, -281.384, -160.1257, 136.3298, -131.8588, -67.02913, 25.96233, 149.5252, 6.263797
1, 8, -0.0433495, -0.364442, -0.9302168, -0.0123104, -0.3328068, -0.9429147, 201.3943, 182.6681, 186.7833, 199.4408, 180.748, 182.1184, -1.953583, 1.920135, -4.664948, 0.255463, -0.008431572, -0.9667821, 0.1964936, -0.08401199, -0.9768993, 180.4997, 165.1984, 91.89037, 184.9153, 168.6273, 113.1494, 4.415573, -3.428833, 21.25905, -20.89467, 17.4697, -94.89296, -14.52551, 12.12073, -68.96896, 6.369156, 5.348969, 25.924, 2.708875
2, 1, -0.02774277, -0.3637708, -0.9310755, -0.01543529, -0.3284328, -0.9444012, 201.3406, 181.7067, 184.3612, 199.1761, 180.9364, 182.6907, -2.164505, 0.7703552, -1.670456, -0.3613254, 0.6043741, -0.7100536, -0.326309, 0.6652157, -0.6715732, 139.5967, 206.9702, 329.1269, 135.2725, 205.9145, 333.8706, -4.324188, 1.055679, 4.743713, -61.74388, -25.2635, 144.7657, -63.90356, -24.97818, 151.1799, -2.159683, -0.2853241, 6.414169, 2.499418
3, 5, -0.01335894, -0.3397033, -0.9404379, -0.003190971, -0.3321552, -0.9432194, 199.8606, 180.8138, 182.252, 199.3997, 180.1938, 180.5504, -0.460907, 0.6200104, -1.701599, 0.7791779, -0.6217974, 0.07905709, 0.9202693, -0.3596892, -0.15404, 277.2459, 84.20647, 128.5905, 246.8165, 99.50241, 111.3482, -30.42934, -15.29594, -17.24232, 77.38524, 96.60737, -53.66154, 47.41681, 80.69142, -69.20226, -29.96843, 15.91595, -15.54072, 4.453272
4, 7, -0.05115367, -0.4173733, -0.9072943, -0.0286285, -0.3266227, -0.9447211, 204.7034, 183.2269, 186.9874, 199.072, 181.7357, 185.0092, -5.631348, 1.491211, -1.978195, 0.3067997, 0.2402827, -0.9209443, 0.4040166, 0.3827722, -0.8308164, 165.377, 161.5752, 51.93227, 155.2636, 154.0669, 46.54669, -10.1134, 7.508362, -5.385582, -39.32635, 21.65172, -135.0551, -43.80841, 27.66887, -138.4625, -4.482056, -6.017151, -3.407394, 5.239011
5, 0, -0.072017, -0.3551347, -0.9320372, -0.02555356, -0.3304049, -0.9434932, 200.8584, 184.4184, 191.4634, 199.2999, 181.5514, 184.4225, -1.558456, 2.866959, -7.040985, -0.2354243, -0.499379, -0.8337841, -0.1764558, -0.4453429, -0.8778002, 210.9187, 195.7674, 205.2408, 206.9005, 191.3661, 201.6147, -4.018204, 4.40123, -3.626099, 10.06032, -11.34898, 13.77734, 7.600571, -9.814713, 17.19223, -2.459747, -1.534271, 3.414886, 4.163944
6, 3, -0.06660057, -0.4011113, -0.9136051, -0.02229572, -0.3283456, -0.9442945, 203.7035, 184.1694, 189.4274, 199.1733, 181.3526, 183.8846, -4.530167, 2.816864, -5.54277, -0.3999302, -0.898151, 0.1827039, -0.02972711, -0.9512549, 0.3069697, 281.4984, 294.5528, 204.0025, 287.8849, 354.4687, 181.7899, 6.386536, -59.91589, -22.2126, 77.79485, -110.3834, 14.57515, 88.71155, -173.1161, -2.094681, 10.9167, 62.73276, -16.66983, 3.773297
7, 2, -0.1160366, -0.4140308, -0.9028367, -0.05757288, -0.3283308, -0.9428066, 204.6357, 187.3238, 195.6561, 199.2006, 183.4945, 189.9457, -5.435074, 3.8293, -5.710388, -0.7949608, -0.5057147, 0.335097, -0.7997813, -0.45173, 0.3953351, 303.5293, 292.8567, 237.5375, 311.191, 296.3034, 240.5415, 7.661774, -3.446655, 3.003998, 98.89362, -105.533, 41.88139, 111.9905, -112.8089, 50.59578, 13.09685, 7.275955, 8.714386, 3.677265
8, 6, -0.1122727, -0.4246713, -0.8983591, -0.0668885, -0.3230883, -0.944002, 205.301, 187.1236, 194.8088, 198.8937, 184.053, 191.6966, -6.407272, 3.070633, -3.112167, 0.2953072, -0.7438836, -0.5995257, 0.2863754, -0.9309491, -0.2265456, 231.1333, 153.7766, 158.3479, 256.323, 128.3468, 162.9012, 25.18971, 25.42982, 4.553345, 25.83228, 33.34702, -36.46089, 57.42926, 55.70621, -28.79538, 31.59698, -22.35919, 7.665512, 3.321304
9, 7, -0.05417316, -0.4238748, -0.9040993, -0.0205864, -0.3235527, -0.9459862, 205.1189, 183.429, 187.2832, 198.8821, 181.2467, 183.6406, -6.236832, 2.182358, -3.642578, 0.2719986, 0.2808708, -0.9203958, 0.4063767, 0.379444, -0.831192, 163.0297, 163.5364, 44.08062, 155.463, 153.9456, 46.96295, -7.566711, 9.590759, 2.882328, -42.08916, 19.89267, -143.2025, -43.41904, 27.30107, -136.6776, -1.32988, -7.408401, 6.524902, 3.008212
10, 5, -0.06645942, -0.2580034, -0.9638556, -0.02092162, -0.3280454, -0.9444303, 194.9855, 183.9444, 194.4449, 199.1545, 181.269, 183.6492, 4.169022, 2.675339, -10.79568, 0.8212235, -0.5682464, 0.0518461, 0.8885384, -0.395867, -0.2319243, 275.2132, 86.38756, 124.6813, 239.6355, 104.6288, 114.0142, -35.57767, -18.24126, -10.66711, 80.22765, 97.55682, -69.76353, 40.48096, 76.64022, -69.63496, -39.74669, 20.9166, 0.1285706, 3.652646
11, 8, -0.03063255, -0.397003, -0.9173061, -0.005959867, -0.3208299, -0.9471181, 203.4026, 181.9126, 184.4122, 198.7135, 180.3605, 181.0642, -4.689117, 1.552094, -3.347931, 0.05399016, -0.003405005, -0.9985358, 0.1983155, -0.08153398, -0.9767411, 180.1954, 176.9051, 93.6087, 184.7717, 168.5228, 112.3492, 4.576355, 8.382278, 18.74046, -23.20721, 5.007553, -90.80347, -13.94174, 11.83774, -68.71508, 9.265472, -6.830185, 22.08839, 3.188294
12, 1, -0.02216533, -0.448698, -0.8934085, -0.0115488, -0.3169288, -0.948379, 206.6673, 181.4212, 182.8281, 198.4786, 180.6977, 182.0869, -8.18869, 0.723526, -0.7411499, -0.473536, 0.6078776, -0.6373763, -0.3217278, 0.6611693, -0.677751, 136.357, 216.6103, 322.0815, 135.7095, 205.3936, 334.0522, -0.6474915, 11.21669, 11.97079, -70.31023, -35.18913, 139.2534, -62.76903, -24.69597, 151.9653, 7.541199, -10.49316, 12.71194, 3.917042
13, 4, -0.06620292, -0.425307, -0.9026247, -0.01347677, -0.322979, -0.9463102, 205.2293, 184.1948, 188.8476, 198.845, 180.8159, 182.3894, -6.384354, 3.378922, -6.458237, 0.6248351, 0.5415145, 0.562444, 0.5716075, 0.5404378, 0.6174073, 43.91388, 48.00811, 49.08611, 41.19677, 42.79411, 46.60553, -2.717113, 5.213997, -2.480572, -161.3154, 136.1867, -139.7615, -157.6482, 138.0218, -135.7838, 3.667236, -1.835068, 3.977661, 3.762205
14, 6, -0.02901337, -0.4619377, -0.8864378, -0.0325007, -0.3308146, -0.943136, 207.5248, 181.8746, 183.5939, 199.3288, 181.9736, 185.611, -8.195938, -0.09901428, 2.017059, 0.277297, -0.7663388, -0.5795098, 0.2875274, -0.9309308, -0.2251575, 232.9032, 154.4288, 160.1075, 256.4034, 128.0638, 162.8362, 23.50017, 26.36491, 2.728653, 25.37843, 27.44588, -23.4864, 57.07454, 53.90981, -22.77481, 31.69611, -26.46393, 0.7115936, 3.396715
15, 2, -0.07677859, -0.3936585, -0.916045, -0.01142162, -0.3283756, -0.9444782, 203.255, 184.7911, 191.0363, 199.1715, 180.6928, 181.9921, -4.083481, 4.098221, -9.044266, -0.8697932, -0.398165, 0.2914179, -0.7929725, -0.4602818, 0.3991684, 306.2005, 288.5231, 245.4031, 310.9327, 296.7199, 239.8669, 4.732178, -8.196808, -5.536194, 102.9455, -103.732, 54.36679, 111.7612, -116.027, 57.87486, 8.815659, 12.29503, 3.508072, 3.086499
16, 3, -0.06673411, -0.4125533, -0.9084859, -0.01427875, -0.3228837, -0.946331, 204.4233, 184.2012, 189.1885, 198.8394, 180.8644, 182.5321, -5.583908, 3.336746, -6.656372, -0.5385494, -0.8297185, 0.1467366, -0.01911251, -0.9493091, 0.3137628, 280.0291, 285.2412, 212.9866, 288.2896, 356.5142, 181.1534, 8.260498, -71.27298, -31.83321, 75.6058, -101.04, 23.7981, 89.45021, -175.6497, -1.378738, 13.84441, 74.60973, -25.17683, 2.884987
17, 0, -0.1082095, -0.3436808, -0.9328313, -0.05574804, -0.3292781, -0.9425859, 200.2252, 186.6168, 197.4769, 199.2561, 183.3847, 189.6093, -0.969101, 3.232071, -7.867569, -0.3674413, -0.4064984, -0.8365083, -0.1629665, -0.4437563, -0.881205, 205.9173, 203.7138, 222.111, 206.7289, 190.4777, 200.1654, 0.8115997, 13.2361, -21.94559, 5.692078, -17.09695, 24.63416, 7.472778, -7.092926, 10.55614, 1.780701, -10.00403, -14.07802, 3.331655
18, 4, -0.03386966, -0.4311686, -0.9016357, -0.01653985, -0.3198189, -0.9473343, 205.5574, 182.1513, 184.4915, 198.6546, 181.0002, 182.9605, -6.902832, 1.151047, -1.531052, 0.6743354, 0.4465716, 0.5880863, 0.6171341, 0.5479014, 0.5647563, 37.21173, 48.9084, 56.4859, 44.13213, 47.53752, 48.40083, 6.920399, 1.37088, -8.085072, -168.3457, 133.2429, -128.0056, -154.5225, 133.4627, -134.5597, 13.82323, -0.2198334, -6.554031, 3.831676
19, 3, -0.1408092, -0.4503157, -0.8816963, -0.02656346, -0.3146692, -0.9488297, 207.0551, 189.0737, 197.364, 198.3475, 181.6036, 184.8253, -8.707581, 7.470032, -12.53865, -0.5065626, -0.8581918, 0.08307369, -0.03539712, -0.9472005, 0.318682, 275.5291, 279.3133, 210.552, 288.5953, 353.6619, 182.1402, 13.06625, -74.3486, -28.41179, 68.47392, -90.23965, 13.188, 90.24776, -172.0583, -2.685135, 21.77383, 81.81863, -15.87314, 3.00665
20, 0, -0.09704074, -0.3570765, -0.9290209, -0.03580602, -0.3231906, -0.9456563, 201.0247, 185.9632, 195.2038, 198.8685, 182.1684, 186.322, -2.156113, 3.794815, -8.88179, -0.3250101, -0.4171893, -0.8487177, -0.1650294, -0.4429407, -0.8812314, 206.1765, 200.954, 217.9203, 206.6859, 190.607, 200.4342, 0.5093079, 10.34695, -17.48604, 5.151886, -14.99077, 22.71649, 7.817307, -8.438629, 14.11224, 2.665421, -6.552139, -8.604248, 2.84203
21, 8, -0.04301426, -0.4134515, -0.9095098, -0.0100341, -0.3154028, -0.9489048, 204.4459, 182.7077, 185.9395, 198.3861, 180.6059, 181.8222, -6.05986, 2.101883, -4.117355, 0.1246316, -0.007726453, -0.9921733, 0.1916234, -0.08037411, -0.9781721, 180.4462, 172.8403, 93.54748, 184.6973, 168.9162, 112.755, 4.251144, 3.924149, 19.20755, -23.99977, 9.867432, -92.39204, -13.68877, 11.6897, -69.06713, 10.311, -1.822266, 23.32491, 2.90959
22, 5, -0.09855808, -0.3989348, -0.9116675, -0.01700154, -0.3158473, -0.9486577, 203.6336, 186.1701, 193.8772, 198.4147, 181.0267, 183.0812, -5.218872, 5.143417, -10.79605, -0.0390797, -0.2909455, -0.9559411, 0.9259276, -0.363413, -0.1029034, 196.9279, 182.341, 187.6502, 254.1901, 96.34157, 111.4293, 57.26221, 85.99944, -76.22089, -6.705719, 3.829132, -6.227051, 55.77536, 84.68515, -71.65189, 62.48108, -80.85602, -65.42484, 2.932243
23, 6, -0.07575997, -0.3878626, -0.9185986, -0.0252484, -0.3138424, -0.9491393, 202.8911, 184.7147, 191.0522, 198.297, 181.5238, 184.5995, -4.59407, 3.190933, -6.452744, 0.2855996, -0.7339945, -0.6161859, 0.2834683, -0.9282601, -0.2407885, 229.9866, 155.1325, 158.7388, 255.4581, 130.3458, 163.0186, 25.47147, 24.78668, 4.27977, 27.09558, 29.58223, -32.31342, 57.16112, 51.17798, -21.5809, 30.06554, -21.59575, 10.73251, 3.475693
24, 7, -0.03532849, -0.4175233, -0.9079792, -0.003935614, -0.3143876, -0.9492866, 204.6948, 182.2282, 184.8365, 198.324, 180.2375, 180.7172, -6.370773, 1.990662, -4.119324, 0.4163116, 0.2860402, -0.8630562, 0.4103659, 0.3751418, -0.831185, 161.6634, 154.2488, 55.50775, 155.7087, 153.7239, 47.56757, -5.954666, 0.5248718, -7.940178, -43.03136, 27.97942, -129.3288, -42.61525, 26.51363, -133.1496, 0.4161072, 1.46579, -3.820862, 2.998459
25, 1, -0.05815963, -0.3470368, -0.9360464, -0.006925351, -0.3159006, -0.948767, 200.3421, 183.5554, 189.5137, 198.4156, 180.4182, 181.2559, -1.926483, 3.137192, -8.257858, -0.4390303, 0.6507484, -0.6194991, -0.316249, 0.6488118, -0.6921198, 133.5908, 215.3247, 325.9943, 136.8498, 204.557, 334.0141, 3.259079, 10.76767, 8.019836, -66.75137, -31.76926, 136.4805, -61.56581, -24.13878, 152.7582, 5.185562, -7.630478, 16.27769, 3.719703
26, 2, -0.05231844, -0.3584554, -0.9320799, -0.008759009, -0.3177601, -0.9481307, 201.0355, 183.2127, 188.304, 198.5282, 180.5293, 181.5789, -2.507294, 2.68338, -6.725037, -0.8751442, -0.4509928, 0.1752946, -0.8034096, -0.4680709, 0.3680254, 291.2404, 281.3267, 242.7363, 308.1765, 294.6115, 239.7747, 16.93613, -13.28488, -2.961655, 90.20488, -98.11398, 54.43236, 109.6483, -114.0822, 58.19574, 19.44342, 15.96826, 3.763382, 3.098847
