SubjectID, Experiment, Height, Gender, Age, LocomotionRandomOrderId, TrialArray
05NM, locima, 62", female, 20, 2, [see code]Trial, ObjectId, RealStartVectorX, RealStartVectorY, RealStartVectorZ, PerfectStartVectorX, PerfectStartVectorY, PerfectStartVectorZ, RealStartAngleX, RealStartAngleY, RealStartAngleZ, PerfectStartAngleX, PerfectStartAngleY, PerfectStartAngleZ, StartErrorX, StartErrorY, StartErrorZ, RealEndVectorX, RealEndVectorY, RealEndVectorZ, PerfectEndVectorX, PerfectEndVectorY, PerfectEndVectorZ, RealEndAngleX, RealEndAngleY, RealEndAngleZ, PerfectEndAngleX, PerfectEndAngleY, PerfectEndAngle, EndErrorX, EndErrorY, EndErrorZ, RealChangeX, RealChangeY, RealChangeZ, PerfectChangeX, PerfectChangeY, PerfectChangeZ, ChangeErrorX, ChangeErrorY, ChangeErrorZ, ElapsedTime
 
LOCOMOTION
 
IMAGINATION
0, 5, -0.0291831, -0.05550721, -0.9980317, -0.02127009, -0.04652548, -0.9986906, 183.1833, 181.6749, 207.7333, 182.6673, 181.2201, 204.5685, -0.516037, 0.4548035, -3.164795, -0.9457038, -0.06775317, 0.3178897, 0.2059054, 0.05818761, -0.9768404, 347.9684, 288.5796, 265.9022, 176.5911, 168.097, 74.22003, -171.3773, 120.4826, -191.6821, 164.785, -106.9047, 58.16887, -6.076202, 13.12306, -130.3485, -170.8612, -120.0278, -188.5173, 10.35032
1, 2, -0.02817286, -0.1449383, -0.9890395, -0.01875749, -0.04310235, -0.9988945, 188.337, 181.6316, 190.9999, 182.4708, 181.0758, 203.5179, -5.866257, 0.5558319, 12.51805, -0.7476638, -0.6427184, 0.1670688, 0.3660837, -0.8755124, -0.3153741, 284.571, 282.5961, 229.3165, 250.1901, 130.7443, 157.3084, -34.38091, 151.8518, -72.00804, 96.23401, -100.9644, 38.31657, 67.71936, 50.33151, -46.20952, -28.51465, -151.296, -84.52609, 12.5155
2, 7, -0.06456956, -0.01696741, -0.9977691, 0.009478863, -0.04803159, -0.9988009, 180.9742, 183.7027, 255.2768, 182.7532, 179.4563, 168.8363, 1.778946, 4.246399, -86.44049, 0.8705005, 0.4921344, -0.005707279, -0.2608927, 0.7545716, -0.6021268, 90.66443, 90.37564, 60.5185, 128.5889, 203.4264, 340.9272, 37.92444, -113.0507, 280.4087, -90.30981, 93.32703, -194.7583, -54.16432, -23.97011, 172.0909, 36.14549, 117.2971, 366.8492, 10.95017
3, 1, -0.06764629, -0.07980797, -0.9945124, -0.01368472, -0.0465379, -0.9988227, 184.5881, 183.8912, 220.285, 182.6676, 180.7849, 196.3863, -1.920425, 3.106293, -23.89879, -0.8186289, -0.570662, 0.06474245, 0.2244563, 0.07252281, -0.9717817, 276.4726, 274.5219, 235.1198, 175.732, 166.9942, 72.09413, -100.7406, 107.5277, -163.0257, 91.88454, -90.63068, 14.83479, -6.935638, 13.7907, -124.2921, -98.82018, -104.4214, -139.1269, 15.85853
4, 3, 0.009618709, 0.003834063, -0.9999464, -0.007432633, -0.0492965, -0.9987565, 179.7803, 179.4489, 68.26754, 182.8257, 180.4264, 188.5741, 3.04538, -0.9774933, 120.3066, -0.944643, 0.3249474, -0.04537465, 0.9816926, -0.04433198, -0.1852416, 97.94921, 267.25, 288.9827, 193.4589, 100.6859, 92.58565, 95.50965, 166.5641, -196.397, -81.83111, -87.80112, 220.7151, 10.63316, 79.74052, -95.98848, 92.46427, -167.5416, -316.7036, 13.18156
5, 0, -0.1191975, -0.0472161, -0.9917473, 0.009330207, -0.04671034, -0.9988649, 182.7257, 186.8535, 248.3907, 182.6774, 179.4648, 168.7041, -0.04832458, 7.388641, -79.6866, -0.0669455, 0.6045133, 0.793777, -0.2734954, 0.7452844, -0.6080719, 37.29166, 355.1792, 353.6807, 129.2108, 204.217, 339.8485, 91.9191, 150.9622, -13.83218, -145.4341, -168.3257, 105.29, -53.46664, -24.75218, 171.1444, 91.96742, -143.5735, 65.85442, 10.61709
6, 8, -0.02641454, 0.03164525, -0.9991502, -0.01685056, -0.04578205, -0.9988093, 178.1859, 181.5144, 320.148, 182.6244, 180.9665, 200.2066, 4.438477, 0.5478516, -119.9413, 0.835899, -0.5104213, -0.2018493, 0.282427, -0.91082, -0.3010678, 248.4234, 103.5757, 121.4093, 251.7089, 136.8298, 162.7724, 3.285538, -33.25415, 41.36308, 70.23744, 77.93872, -198.7387, 69.0845, 44.13672, -37.43427, -1.152939, 33.802, 161.3044, 43.17919
7, 2, -0.07397312, -0.06419259, -0.9951922, -0.04019747, -0.04746052, -0.998064, 183.6906, 184.251, 229.0491, 182.7225, 182.3064, 220.2635, -0.9681091, 1.944641, -8.785645, 0.00102764, 0.5808117, 0.8140373, -0.2876242, 0.7371679, -0.6114375, 35.50768, 0.0723301, 0.1013743, 129.6737, 205.1926, 338.6855, 94.16603, -205.1203, 338.5842, -148.1829, 184.1787, -228.9477, -53.0488, -22.88623, 118.4221, 95.13414, 207.0649, 347.3698, 12.88305
8, 7, -0.04359709, -0.0602028, -0.9972337, -0.02206508, -0.04576408, -0.9987086, 183.4547, 182.5033, 215.9109, 182.6236, 181.2657, 205.741, -0.8311005, 1.237579, -10.16998, 0.5643326, -0.7111508, -0.4192771, 0.171767, 0.07842233, -0.9820112, 239.4774, 126.6109, 141.5663, 175.4341, 170.0786, 65.46035, -64.04333, -43.46767, -76.10595, 56.02271, 55.89235, -74.34465, -7.189529, 11.1871, -140.2806, -63.21223, 44.70525, -65.93596, 11.42832
9, 1, 0.006690234, -0.01189632, -0.9999069, -0.04154937, -0.04729034, -0.9980167, 180.6816, 179.6167, 150.6475, 182.7129, 182.384, 221.3026, 2.031265, -2.767303, 70.65506, 0.7967899, 0.2764268, 0.5373213, 0.4191286, 0.8021374, 0.4253314, 27.22371, 56.00595, 70.86703, 62.06533, 44.57915, 27.58773, 34.84162, 11.4268, -43.2793, -153.4579, 123.6107, -79.78049, -120.6476, 137.8048, -193.7149, 32.81036, -14.19411, -113.9344, 12.27178
10, 4, -0.08692416, 0.04140836, -0.9953541, -0.04483218, -0.0481241, -0.9978347, 177.6178, 184.991, 295.4719, 182.7612, 182.5725, 222.9718, 5.143387, 2.418442, -72.50009, -0.1530238, 0.09990776, 0.9831593, 0.3676597, 0.4842224, -0.7939491, 5.802428, 351.1532, 303.1401, 148.6214, 155.1522, 37.20862, 142.8189, 196.001, -265.9315, -171.8153, -166.1622, 7.668243, -34.13979, 27.4203, -185.7632, 137.6756, -193.5825, -193.4314, 9.795203
11, 3, 0.06591228, 0.06875437, -0.9954539, -0.01998149, -0.04572081, -0.9987544, 176.049, 176.2118, 43.79097, 182.621, 181.1461, 203.6069, 6.572098, -4.934341, 159.8159, -0.6497974, 0.4267533, -0.6290034, 0.4787959, 0.750023, 0.4563112, 145.8447, 225.9316, 303.2948, 58.68383, 46.37741, 32.55314, -87.16087, 179.5542, -270.7417, -30.20425, -49.71979, 259.5038, -123.9372, 134.7687, -171.0538, -93.73297, -184.4885, -430.5576, 9.127995
12, 5, -0.06725206, 0.01520457, -0.9976202, -0.02202245, -0.04704208, -0.9986501, 179.1268, 183.8566, 282.7394, 182.697, 181.2633, 205.0863, 3.570129, 2.593323, -77.65309, -0.05901199, -0.8689678, -0.491338, 0.3284032, -0.9087207, -0.2576396, 240.515, 186.8487, 183.885, 254.171, 128.115, 160.1306, 13.65598, 58.73372, -23.75441, 61.38815, -2.992065, -98.85442, 71.474, 53.14833, -44.95573, 10.08585, -56.1404, 53.89868, 8.273718
13, 7, -0.0717521, 0.07471376, -0.9946203, -0.02357109, -0.05071682, -0.9984348, 175.7041, 184.1262, 316.1584, 182.9079, 181.3524, 204.9271, 7.203781, 2.773788, -111.2314, 0.8801428, -0.2988793, -0.368809, 0.9808014, -0.01615246, -0.1943392, 219.021, 112.7353, 108.7565, 184.7512, 101.2076, 90.9435, -34.26978, 11.52769, -17.81299, 43.31685, 71.39088, -207.4019, 1.843292, 80.14478, -113.9836, -41.47356, -8.753906, 93.41837, 8.484895
14, 3, -0.1112066, -0.05873789, -0.9920599, -0.05645385, -0.04643261, -0.9973249, 183.3884, 186.396, 242.1576, 182.6656, 183.2398, 230.5631, -0.7228088, 3.156189, -11.59444, -0.1795745, 0.1427651, 0.9733299, 0.3793113, 0.4917063, -0.7838035, 8.34447, 349.5468, 308.4854, 147.8986, 154.176, 37.64725, 139.5541, 195.3708, -270.8381, -175.0439, -163.1508, 66.32779, -34.76703, 29.06381, -192.9159, 140.2769, -192.2146, -259.2437, 9.050139
15, 0, 0.03462377, -0.06566656, -0.9972408, -0.0511319, -0.0449392, -0.9976803, 183.7674, 178.0115, 152.1988, 182.5791, 182.9339, 228.6882, -1.188324, -4.922363, 76.48933, 0.7080671, 0.1455126, 0.69099, 0.9744381, -0.03810773, -0.2214003, 11.89192, 45.69933, 78.38701, 189.7661, 102.8008, 92.23955, 177.8742, -57.10142, 13.85254, -171.8755, 132.3122, -73.81181, 7.187073, 80.13313, -136.4486, 179.0625, 52.17906, -62.6368, 11.22761
16, 1, -0.0304828, -0.0419827, -0.9986532, -0.04036709, -0.04863367, -0.9980006, 182.4073, 181.7483, 215.9827, 182.7899, 182.3162, 219.6935, 0.3826294, -0.5679016, 3.7108, 0.5283763, -0.6989465, 0.481967, -0.2145781, -0.9058429, 0.3652461, 304.5887, 47.62999, 142.9122, 291.9598, 329.5662, 193.3267, -12.62885, -281.9362, 50.41455, 122.1814, 134.1183, -73.07051, 109.17, -147.25, -26.36676, -13.01147, 281.3683, 46.70375, 7.205647
17, 5, -0.1117236, -0.02384651, -0.9934531, -0.05465241, -0.04806348, -0.997348, 181.375, 186.4165, 257.9515, 182.759, 183.1365, 228.6703, 1.383972, 3.279968, -29.28116, -0.193889, 0.0272941, 0.9806437, -0.9435194, 0.008026233, 0.3312201, 1.594293, 348.8159, 278.013, 1.388138, 289.3435, 270.4874, -0.2061547, 59.47244, -7.525574, -179.7807, -162.3994, 20.06149, -181.3709, -106.207, 41.81708, -1.590134, -56.19247, 21.75558, 7.929072
 
LOCOMOTION
0, 2, -0.1016712, 0.02958034, -0.9943784, -0.06099807, -0.04955688, -0.9969069, 178.2961, 185.838, 286.2219, 182.8459, 183.5014, 230.9084, 4.549759, 2.336563, -55.31346, -0.1233089, 0.4481607, -0.8854079, -0.3058545, 0.7643649, -0.567626, 153.1532, 187.9285, 344.6161, 126.598, 208.3172, 338.1916, -26.55516, -20.3887, -6.424469, -25.14294, -2.0905, 58.39417, -56.24786, -24.81577, 107.2832, -31.10492, 22.72527, 48.88899, 14.89306
1, 3, -0.1305565, 0.0007607392, -0.9914407, -0.06829238, -0.04689053, -0.9965628, 179.956, 187.5018, 270.3339, 182.6939, 183.9202, 235.5259, 2.737869, 3.581528, -34.80792, 0.9675144, -0.04691034, -0.2484261, 0.9763888, -0.03275821, -0.2135225, 190.6933, 104.4006, 92.77584, 188.7222, 102.3356, 91.92158, -1.971054, 2.065002, -0.8542633, 10.73721, 83.10117, -177.558, 6.02829, 81.58464, -143.6044, -4.708923, 1.516525, 33.95364, 6.840627
2, 8, -0.06681611, -0.03742601, -0.9970631, -0.02527362, -0.04823843, -0.998516, 182.1497, 183.8338, 240.7453, 182.7658, 181.4499, 207.6514, 0.6161499, 2.383911, -33.09386, 0.6056287, -0.7922833, -0.07416949, 0.2999359, -0.911168, -0.282509, 264.6519, 96.98207, 142.6054, 252.7739, 133.2862, 161.7796, -11.87798, -36.30412, 19.17426, 82.5022, 86.85175, -98.13992, 70.00807, 48.16371, -45.87181, -12.49413, 38.68803, 52.26811, 6.718717
3, 5, -0.08389545, -0.0909128, -0.9923189, -0.006752411, -0.04639916, -0.9989001, 185.2346, 184.8326, 222.7012, 182.6595, 180.3873, 188.2801, -2.575134, 4.445267, -34.42114, -0.6716889, -0.1957785, 0.7144962, -0.9275313, 0.02049171, 0.3731833, 344.6765, 316.7688, 253.7501, 3.142988, 291.9169, 271.2656, -341.5336, 24.85187, 17.51555, 159.4419, -131.9362, 31.04887, -179.5165, -111.5296, 82.98557, -338.9584, -20.4066, 51.93669, 6.29667
4, 1, -0.1022746, -0.06446114, -0.9926655, -0.04180317, -0.04573069, -0.9980788, 183.7154, 185.8824, 237.7778, 182.6234, 182.3983, 222.4309, -1.092041, 3.4841, -15.34683, 0.5135826, -0.1337792, -0.8475472, 0.1609055, 0.06340383, -0.9849312, 188.9697, 148.7857, 104.6001, 176.3167, 170.7217, 68.49339, -12.653, -21.93604, -36.10671, 5.254303, 37.09677, -133.1777, -6.306656, 11.67664, -153.9376, -11.56096, 25.42014, -20.75989, 6.363272
5, 7, -0.1272449, -0.1021353, -0.9865988, -0.05656319, -0.04499101, -0.9973848, 185.9103, 187.3491, 231.2471, 182.5828, 183.2458, 231.5009, -3.327545, 4.10321, 0.2537231, -0.02014615, 0.5684373, -0.8224801, -0.3059892, 0.7546828, -0.5803658, 145.3506, 181.4032, 357.9702, 127.561, 207.7998, 337.9297, -17.78967, -26.39661, -20.0405, -40.55969, 5.945908, 126.7231, -55.02181, -24.55391, 106.4289, -14.46212, 30.49982, -20.29422, 6.708097
6, 4, -0.08846874, -0.08841383, -0.9921474, -0.05477026, -0.04519375, -0.9974757, 185.0924, 185.0955, 225.0178, 182.5942, 183.1429, 230.4722, -2.498184, 1.952637, 5.454437, 0.4394141, 0.2792435, -0.8537789, 0.3606895, 0.5040568, -0.7847483, 161.8887, 152.7665, 57.56443, 147.2867, 155.3153, 35.58649, -14.60204, -2.548843, -21.97793, -23.20363, 32.32903, -167.4534, -35.30748, 27.82755, -194.8857, -12.10385, 4.50148, -27.43236, 7.407466
7, 6, -0.1154529, -0.05234697, -0.9919327, -0.06643611, -0.04397951, -0.996821, 183.0208, 186.6389, 245.6102, 182.5262, 183.813, 236.4962, -0.4946136, 2.825897, -9.114044, 0.3119237, 0.2068382, -0.9273196, 0.3521498, 0.5021917, -0.7898063, 167.426, 161.4085, 56.45145, 147.5501, 155.9694, 35.03913, -19.87593, 5.439133, -21.41232, -15.5948, 25.23036, -189.1588, -34.97612, 27.8436, -201.457, -19.38132, -2.613235, -12.29828, 6.285641
8, 1, -0.1443224, -0.08309585, -0.9860356, -0.03930288, -0.04540524, -0.9981952, 184.8171, 188.327, 240.0681, 182.6044, 182.2548, 220.8795, -2.212631, 6.07225, -19.18861, 0.3868182, -0.699677, 0.6006862, -0.2165526, -0.9187382, 0.3301894, 310.6467, 32.77994, 151.0639, 289.7682, 326.7414, 193.2629, -20.87857, -293.9615, 42.19902, 125.8297, 155.5471, -89.00426, 107.1637, -144.4866, -27.61662, -18.66594, 300.0337, 61.38763, 7.372267
9, 4, -0.1502781, -0.06003952, -0.9868192, -0.05808719, -0.04451589, -0.9973185, 183.4817, 188.6588, 248.2222, 182.5557, 183.3333, 232.5348, -0.9259491, 5.325439, -15.68739, -0.4985837, -0.2122793, 0.8404474, -0.9577274, 0.02929518, 0.2861819, 345.8248, 329.3221, 246.9374, 5.844758, 286.6368, 271.752, -339.98, 42.68521, 24.81461, 162.3431, -140.6633, -1.28476, -176.711, -103.3035, 39.21724, -339.0541, -37.35977, 40.502, 6.697073
10, 0, -0.1494679, -0.08795773, -0.9848465, -0.06592908, -0.04220875, -0.9969311, 185.1036, 188.6298, 239.5244, 182.4244, 183.7836, 237.372, -2.67923, 4.846222, -2.152313, 0.9969322, -0.01035377, -0.07758364, 0.9512588, -0.03684363, -0.306185, 187.6014, 94.44993, 90.59504, 186.8615, 107.842, 92.21804, -0.7398987, -13.39207, 1.623001, 2.497772, 94.17986, -148.9293, 4.437103, 75.94157, -145.154, 1.939331, 18.23829, 3.77533, 7.585002
11, 1, -0.1415066, -0.04772178, -0.9887865, -0.0719002, -0.04536799, -0.9963796, 182.7631, 188.1444, 251.3638, 182.607, 184.1274, 237.7487, -0.1560822, 4.016983, -13.61513, 0.6296782, -0.7240262, -0.2815871, 0.2650634, -0.9113929, -0.3148085, 248.748, 114.0938, 138.9868, 250.9443, 139.9032, 163.7838, 2.19632, -25.80938, 24.79697, 65.98489, 74.05056, -112.377, 68.3373, 44.2242, -73.96486, 2.352402, 29.82636, 38.41209, 7.651331
12, 8, -0.126312, -0.05504279, -0.9904624, -0.07441269, -0.04452698, -0.9962329, 183.1808, 187.2676, 246.4539, 182.5592, 184.2717, 239.1046, -0.6216583, 2.995895, -7.34935, -0.1922101, -0.4386595, -0.8778571, -0.2004988, -0.3276969, -0.9232632, 206.551, 192.3502, 203.6619, 199.5415, 192.2523, 211.4601, -7.009537, 0.09793091, 7.798187, 23.37018, -5.082611, -42.79207, 16.9823, -7.980576, -27.64453, -6.387878, 2.897964, 15.14754, 7.494945
13, 6, -0.05172505, -0.03908549, -0.9978964, -0.08127091, -0.04519418, -0.9956669, 182.243, 182.9672, 232.9239, 182.5989, 184.6664, 240.9219, 0.3559265, -1.699173, 7.998016, -0.2064824, -0.3383497, -0.9180874, -0.1978788, -0.3300022, -0.9230074, 200.2307, 192.6752, 211.3942, 199.6735, 192.1002, 210.9481, -0.5572815, 0.5750122, -0.4460602, 17.98775, -9.707977, -21.52968, 17.07454, -7.433792, -29.97375, -0.913208, -2.274185, -8.444077, 7.351802
14, 2, -0.03662398, -0.0383884, -0.9985917, -0.07510027, -0.04432662, -0.9961902, 182.2015, 182.1004, 223.6526, 182.5478, 184.3112, 239.4495, 0.3462524, -2.2108, 15.79695, 0.5131373, -0.7818154, 0.3541959, -0.2293917, -0.9170492, 0.3261903, 294.3726, 55.38441, 146.7215, 289.5803, 324.8834, 194.0438, -4.792297, -269.499, 47.32236, 112.1711, 126.716, -76.93108, 107.0325, -140.5722, -45.40567, -5.13855, 267.2882, 31.52541, 6.696471
15, 5, 0.04401997, -0.03877313, -0.9982781, -0.04225901, -0.04641915, -0.9980278, 182.2242, 177.4751, 131.3739, 182.663, 182.4246, 222.3141, 0.4387207, -4.949478, 90.94022, 0.2772083, 0.1475534, -0.9494123, 0.1697769, 0.05602933, -0.9838884, 171.166, 163.7233, 61.97437, 176.7407, 170.2096, 71.73621, 5.574692, -6.486313, 9.761848, -11.05823, 13.75182, -69.39949, -5.922256, 12.21498, -150.5779, 5.135971, 1.536835, -81.17836, 7.717357
16, 3, -0.07583963, -0.03234281, -0.9965953, -0.04656709, -0.04509654, -0.9978967, 181.8588, 184.3517, 246.9035, 182.5875, 182.6718, 225.9191, 0.7287292, 1.679962, -20.98442, 0.2500665, 0.06048836, -0.9663375, 0.1688687, 0.05757727, -0.9839554, 176.4182, 165.4914, 76.40196, 176.6511, 170.2616, 71.17274, 0.2328796, -4.770233, -5.229225, -5.440582, 18.86034, -170.5016, -5.936432, 12.41014, -154.7464, -0.4958496, 6.450195, 15.7552, 7.01879
17, 0, -0.08347403, -0.03853405, -0.9957648, -0.04310483, -0.04498199, -0.9980574, 182.2161, 184.7919, 245.2206, 182.5806, 182.473, 223.7792, 0.3644409, 2.318863, -21.44138, -0.1486166, 0.5015949, -0.8522415, -0.2744403, 0.7394925, -0.6146814, 149.5207, 189.892, 343.4961, 129.7341, 204.0596, 339.6391, -19.78659, -14.16765, -3.856964, -32.69545, -5.100098, 98.2755, -52.84648, -21.58661, 115.8599, -20.15103, 16.48651, 17.58441, 6.35257
 
IMAGINATION
18, 8, 0.01668423, -0.003212342, -0.9998556, -0.01227513, -0.05004831, -0.9986714, 180.1841, 179.044, 100.8982, 182.869, 180.7042, 193.7807, 2.684891, -1.660202, 92.88244, -0.8552538, -0.06268556, 0.5144041, -0.8985259, 0.01439904, 0.4386841, 353.0522, 301.0254, 265.808, 1.879959, 296.0229, 270.9181, -351.1722, 5.002533, 5.110077, 172.8681, -121.9814, 164.9098, -180.989, -115.3186, 77.13742, -353.8571, -6.662735, -87.77237, 10.27258
19, 0, -0.06017302, -0.008315798, -0.9981533, -0.005781996, -0.04742436, -0.9988582, 180.4773, 183.4499, 262.1317, 182.7183, 180.3316, 186.9512, 2.240967, 3.11821, -75.18047, -0.1310752, -0.6800014, 0.7213997, -0.1226622, -0.9149117, 0.3845654, 316.6921, 349.7019, 190.9104, 292.7985, 342.3092, 187.6361, -23.89355, 7.3927, -3.274246, 136.2148, -166.2521, -71.22133, 110.0802, -161.9776, 0.6848907, -26.13452, -4.27449, 71.90622, 10.1715
20, 4, -0.02691414, -0.04366717, -0.9986837, 0.01009512, -0.0493361, -0.9987312, 182.5036, 181.5437, 211.6475, 182.828, 179.4209, 168.4358, 0.3244019, 2.122864, -43.21167, 0.9366472, -0.05376353, 0.3461238, -0.8927221, 0.01074614, 0.4504796, 351.1708, 69.71897, 93.28517, 1.366526, 296.7761, 270.6897, -349.8043, -227.0572, 177.4045, 168.6671, 111.8248, -118.3623, -181.4615, -117.3553, 102.2539, -350.1287, 229.18, 220.6162, 8.206374
21, 2, -0.0631249, -0.05475854, -0.9965025, -0.001433682, -0.04905156, -0.9987952, 183.1453, 183.6246, 229.0596, 182.8116, 180.0822, 181.6742, -0.3337097, 3.542389, -47.38539, -0.6066862, -0.617311, -0.5008582, -0.07369291, -0.8816963, 0.4660268, 230.9457, 230.4581, 224.5027, 297.859, 351.0142, 184.7777, 66.91331, -120.5561, -39.72495, 47.80042, -46.83351, -4.556885, 115.0474, -170.932, 3.103561, 67.24702, 124.0985, 7.660446, 7.263211
22, 1, 0.009500984, -0.01156759, -0.9998879, -0.004730748, -0.05084663, -0.9986953, 180.6628, 179.4556, 140.6022, 182.9146, 180.2714, 185.3155, 2.251755, -0.8158112, 44.71327, 0.6270431, -0.7534609, -0.1977718, 0.2987339, -0.9158824, -0.2681743, 255.2925, 107.5055, 140.2322, 253.6797, 131.9144, 161.9352, -1.612778, -24.40895, 21.703, 74.6297, 71.9501, -0.3699951, 70.76517, 48.35696, -23.38026, -3.864532, 23.59314, -23.01027, 8.295434
23, 2, -0.03701603, -0.08432412, -0.9957506, -0.01002082, -0.04955175, -0.9987213, 184.8405, 182.1289, 203.7002, 182.8404, 180.5749, 191.4327, -2.000076, 1.554077, -12.2675, 0.3325787, -0.4257659, 0.8414956, -0.1870476, -0.3268465, -0.9263826, 333.1623, 21.56509, 142.0055, 199.4339, 191.4152, 209.7816, -133.7284, -169.8501, 67.77612, 148.3218, 160.5638, -61.69467, 16.59346, -10.84036, 18.34895, -131.7283, 171.4042, 80.04362, 9.795099
24, 6, -0.04114094, -0.0682205, -0.9968217, -0.03060061, -0.04839474, -0.9983594, 183.9151, 182.3634, 211.0924, 182.7752, 181.7556, 212.3057, -1.139908, 0.6077576, 1.213242, 0.2763959, 0.5055331, 0.8173381, 0.4510812, 0.7443106, 0.4924707, 31.73727, 18.68378, 28.66725, 56.50952, 42.4883, 31.2175, 24.77224, -23.80452, 2.550243, -152.1778, 163.6796, -182.4252, -126.2657, 139.2673, -181.0882, 25.91216, 24.41228, 1.337006, 10.82848
25, 4, -0.229877, -0.1492949, -0.9617004, -0.02013939, -0.04392442, -0.9988318, 188.8242, 193.4433, 236.9981, 182.518, 181.1551, 204.6315, -6.306198, 12.28818, -32.36656, -0.9635251, -0.08427058, 0.2540036, 0.9876707, -0.03165618, -0.153312, 341.6458, 284.7683, 265.0016, 191.6666, 98.82337, 91.83578, -149.9792, 185.9449, -173.1658, 152.8216, -91.32501, 28.00352, 9.14859, 82.33172, -112.7957, -143.673, -173.6567, -140.7993, 6.240567
26, 6, -0.07792101, -0.02767263, -0.9965754, -0.02848093, -0.04954818, -0.9983656, 181.5906, 184.4708, 250.4482, 182.8412, 181.6341, 209.8908, 1.250656, 2.836731, -40.55734, -0.4854762, 0.4022993, -0.7761883, -0.1748856, -0.3530279, -0.9191226, 152.6022, 212.0244, 309.6475, 201.0114, 190.7731, 206.3532, 48.40913, 21.25127, -103.2943, -28.98831, -27.55362, 59.19931, 18.17017, -9.139084, -3.537598, 47.15848, -18.41454, -62.73691, 7.218171
27, 5, -0.01016341, -0.1092641, -0.9939609, -0.02282937, -0.04697282, -0.9986353, 186.2732, 180.5858, 185.3142, 182.693, 181.3096, 205.9203, -3.580185, -0.7237549, 20.60614, 0.04798309, 0.581381, 0.8122153, -0.2844077, 0.7663693, -0.5760126, 35.59496, 3.380922, 4.718097, 126.929, 206.278, 339.6396, 91.33401, -202.897, 334.9215, -150.6783, 177.2049, -180.5961, -55.76407, -24.96838, 133.7193, 94.9142, 202.1733, 314.3154, 8.084438
28, 0, 0.03814969, -0.1838302, -0.9822176, -0.01146644, -0.04337155, -0.9989932, 190.6007, 177.7757, 168.276, 182.4859, 180.6576, 194.8089, -8.114792, -2.881882, 26.53287, 0.8464469, 0.4841582, -0.2216273, 0.3758579, 0.5029204, -0.7783328, 114.5963, 104.6725, 60.23092, 147.1314, 154.224, 36.77262, 32.53511, -49.55152, -23.4583, -76.00441, 73.1032, -108.0451, -35.35451, 26.43356, -158.0363, 40.6499, 46.66964, -49.99118, 6.557616
29, 6, -0.04908729, -0.04487376, -0.9977859, -0.03859339, -0.04844594, -0.9980799, 182.575, 182.8165, 227.5676, 182.7789, 182.2144, 218.5418, 0.2038727, 0.6020813, -9.025803, 0.3582411, 0.615697, -0.7018409, 0.3775952, 0.5010058, -0.7787266, 138.7408, 152.9588, 30.19283, 147.2442, 154.1318, 37.00439, 8.503357, -1.172974, 6.811563, -43.83423, 29.85764, -197.3748, -35.53474, 28.08258, -181.5374, 8.299484, 1.775055, 15.83737, 7.75198
30, 8, -0.001002134, 0.009925731, -0.9999503, -0.04177098, -0.04901477, -0.9979242, 179.4313, 180.0574, 354.2348, 182.8119, 182.3969, 220.438, 3.38063, -2.339462, -133.7967, 0.5371692, 0.3037486, 0.7868838, 0.449432, 0.7716674, 0.4500449, 21.10732, 34.31955, 60.5135, 59.74879, 44.96096, 30.21724, 38.64148, -10.64141, -30.29626, -158.324, 145.7379, -293.7213, -123.0631, 137.4359, -190.2208, 35.26085, 8.301956, 103.5005, 10.65018
31, 4, -0.1508128, -0.07203461, -0.9859344, -0.02766268, -0.04873448, -0.9984286, 184.1787, 188.6968, 244.4689, 182.7944, 181.587, 209.5801, -1.384277, 7.109772, -34.88875, 0.07002347, -0.3047945, 0.9498405, -0.1882434, -0.3309959, -0.9246655, 342.2091, 4.216291, 167.0614, 199.6955, 191.507, 209.6277, -142.5136, -187.2907, 42.56628, 158.0303, 184.4805, -77.40749, 16.90103, -9.919983, 0.04754639, -141.1293, 194.4005, 77.45503, 7.984221
32, 3, -0.07267246, 0.03384104, -0.9967816, -0.04669844, -0.05315174, -0.997494, 178.0555, 184.1699, 294.9698, 183.0501, 182.6804, 221.3021, 4.994614, 1.489502, -73.66763, 0.1414911, 0.5221612, 0.841028, 0.1844717, 0.05372312, -0.9813685, 31.83452, 9.54978, 15.16148, 176.8666, 169.3541, 73.76302, 145.0321, -159.8044, 58.60154, -146.221, 174.6201, -279.8083, -6.183548, 13.32626, -147.5391, 140.0375, 161.2939, 132.2692, 7.7293
33, 8, 0.008284312, -0.08277535, -0.9965338, -0.06051543, -0.04834253, -0.996996, 184.7483, 179.5237, 174.2848, 182.776, 183.4735, 231.3805, -1.97229, -3.949753, 57.09575, -0.4720125, -0.662836, -0.5812513, -0.1725448, -0.3422984, -0.9236125, 228.752, 219.0788, 215.4551, 200.3351, 190.5817, 206.7516, -28.41685, 28.49701, -8.70343, 44.00369, -39.55504, 41.1703, 17.55913, -7.108276, -24.62888, -26.44456, -32.44676, -65.79918, 7.563622
34, 7, 0.1523441, 0.02852784, -0.9879159, -0.0391832, -0.0549041, -0.9977225, 178.3459, 171.2336, 79.39368, 183.1498, 182.249, 215.5142, 4.803833, -11.01538, 136.1205, -0.3108657, 0.06303152, 0.9483615, -0.9116672, 0.005269704, 0.4108955, 3.802491, 341.8513, 281.462, 0.7347738, 294.2615, 270.3312, -3.067717, 47.58978, -11.1308, -174.5435, -170.6176, 202.0683, -182.415, -112.0125, 54.81702, -7.871552, -58.60516, -147.2513, 8.495764
35, 6, -0.2082559, 0.01469528, -0.9779642, -0.08898352, -0.05091226, -0.9947311, 179.1391, 192.0215, 274.0363, 182.9299, 185.1118, 240.2238, 3.790833, 6.909714, -33.8125, -0.1171126, 0.4081935, 0.9053522, -0.1319801, -0.8806632, 0.4549875, 24.26904, 352.6294, 343.9916, 297.3228, 343.8239, 188.5232, 273.0537, 8.805481, -155.4684, -154.8701, -160.6079, 69.95526, 114.3928, -158.7121, -51.70065, 269.2629, -1.895767, -121.6559, 9.139468
 
LOCOMOTION
18, 4, 0.0106559, 0.05180084, -0.9986008, -0.05913135, -0.05801263, -0.9965631, 177.0305, 179.3886, 11.62411, 183.3316, 183.3957, 225.5471, 6.301041, -4.007034, 213.923, -0.3089054, -0.3570412, -0.8815324, -0.1866494, -0.3506491, -0.9177185, 202.0491, 199.3114, 220.8658, 200.9112, 191.4962, 208.0262, -1.137848, 7.81517, -12.83952, 25.01854, -19.92278, 209.2416, 17.57965, -8.100571, -17.52092, -7.438889, -11.8222, -226.7626, 8.108041
19, 6, -0.03241931, -0.03634734, -0.9988134, -0.04951615, -0.05368229, -0.9973297, 182.0841, 181.8591, 221.7308, 183.081, 182.8423, 222.6882, 0.9969177, -0.9832611, 0.9574585, 0.4713132, 0.3926303, 0.7897502, 0.4055572, 0.7493038, 0.5235143, 26.43462, 30.82824, 50.20381, 55.05925, 37.7643, 28.42426, 28.62463, -6.936064, -21.77955, -155.6495, 151.0308, -171.5269, -128.0218, 145.078, -194.264, 27.62772, 5.952805, -22.73701, 5.86338
20, 8, -0.1465921, -0.1474684, -0.978143, -0.05987868, -0.04729905, -0.9970844, 188.5735, 188.5233, 224.8292, 182.7159, 183.4367, 231.6943, -5.85762, 5.086655, 6.865021, 0.5547953, 0.2467639, 0.79455, 0.3694076, 0.7755344, 0.5119417, 17.25326, 34.92471, 66.02129, 56.57061, 35.81352, 25.4697, 39.31735, -0.8888092, -40.55159, -171.3203, 153.5986, -158.808, -126.1453, 147.6232, -206.2246, 45.17496, 5.975464, -47.41661, 6.13001
21, 3, -0.09789973, -0.001500517, -0.9951952, -0.07399054, -0.05219193, -0.9958923, 180.0864, 185.6182, 269.1219, 183, 184.249, 234.8014, 2.913589, 1.369217, -34.32051, 0.58257, 0.3390701, 0.738677, 0.3965094, 0.7655191, 0.5067158, 24.65624, 38.26167, 59.79954, 56.49845, 38.04348, 27.38242, 31.84221, 0.2181892, -32.41712, -155.4301, 147.3566, -209.3224, -126.5015, 146.2055, -207.419, 28.92863, 1.151031, 1.903397, 6.297419
22, 7, -0.1131821, -0.03750745, -0.992866, -0.07988274, -0.05087761, -0.995505, 182.1634, 186.5034, 251.6653, 182.9257, 184.5878, 237.5068, 0.7622681, 1.915588, -14.15854, 0.353791, 0.3860875, -0.8519206, 0.996075, -0.05752005, -0.06727599, 155.6201, 157.4476, 42.50056, 220.53, 93.86395, 93.30498, 64.90987, 63.5836, 50.80442, -26.54329, 29.05582, -209.1647, 37.60431, 90.72383, -144.2018, 64.1476, -61.66801, 64.96295, 4.830596
23, 2, -0.1837814, -0.03645687, -0.9822909, -0.06426991, -0.05207931, -0.9965727, 182.1255, 190.5972, 258.7798, 182.9915, 183.6899, 230.9814, 0.8659668, 6.907272, -27.79846, 0.7019193, -0.5723375, -0.4239566, 0.2874593, -0.9267094, -0.2420269, 233.4709, 121.1318, 129.1934, 255.3631, 130.0958, 162.7664, 21.89217, -8.963959, 33.57301, 51.34544, 69.46539, -129.5864, 72.37164, 53.59416, -68.21494, 21.0262, 15.87123, 61.37148, 7.028771
24, 8, -0.1395421, -0.1219791, -0.9826745, -0.06259152, -0.04946867, -0.9968125, 187.0759, 188.0821, 228.842, 182.8411, 183.593, 231.6792, -4.234833, 4.489136, 2.837173, -0.6797792, -0.04051674, 0.7322968, -0.8972961, 0.01128764, 0.4412849, 356.8332, 317.1299, 266.5891, 1.465251, 296.1877, 270.7207, -355.3679, 20.94226, 4.131653, 169.7572, -129.0478, 37.74701, -181.3758, -112.5947, 39.04149, -351.1331, -16.45313, 1.294479, 6.974852
25, 1, 0.1420652, -0.04704383, -0.9887388, -0.08835375, -0.05137895, -0.9947632, 182.724, 171.8235, 108.3219, 182.9567, 185.0756, 239.8214, 0.2326202, -13.25211, 131.4995, 0.7697176, 0.2173298, 0.6002522, 0.3862692, 0.7707986, 0.5066217, 19.90351, 52.05167, 74.23298, 56.68434, 37.32339, 26.61676, 36.78083, 14.72829, -47.61622, -162.8205, 119.7718, -34.08893, -126.2723, 147.7522, -213.2046, 36.54822, -27.98038, -179.1157, 7.873129
26, 5, -0.1171502, -0.07043623, -0.9906133, -0.05723143, -0.0509575, -0.9970596, 184.0671, 186.7445, 238.9837, 182.9257, 183.2852, 228.3189, -1.141373, 3.45932, -10.66484, 0.7648523, -0.5250683, -0.3732349, 0.2843221, -0.9230185, -0.2592256, 234.5936, 116.0116, 124.4695, 254.3128, 132.3564, 162.8793, 19.71924, -16.34485, 38.40987, 50.5265, 70.73291, -114.5143, 71.38712, 50.92874, -65.43954, 20.86061, 19.80417, 49.07471, 6.685308
27, 7, -0.1309374, 0.002132216, -0.9913883, -0.06636094, -0.05494282, -0.9962819, 179.8768, 187.5238, 270.9329, 183.1565, 183.8108, 230.3773, 3.27977, 3.713013, -40.55562, 0.2686323, 0.1542105, -0.9508185, 0.1710233, 0.05812561, -0.983551, 170.7876, 164.2236, 60.14168, 176.6179, 170.1358, 71.22866, 5.830307, -5.912262, 11.08698, -9.089188, 23.3002, -210.7912, -6.538651, 13.67493, -159.1487, 2.550537, 9.625275, 51.64259, 5.84227
28, 3, -0.1567253, -0.01851107, -0.987469, -0.07824811, -0.05241137, -0.9955553, 181.0739, 189.0184, 263.2639, 183.0136, 184.4941, 236.1854, 1.939636, 4.524353, -27.07849, 0.7359287, 0.2986248, -0.6076449, 0.3632648, 0.5133247, -0.7775195, 153.8284, 129.546, 67.9137, 146.5669, 154.9576, 35.28592, -7.26149, -25.41159, -32.62778, -27.24556, 59.47246, -195.3502, -36.44669, 29.53651, -200.8995, -9.201126, 29.93594, -5.549286, 6.464524
29, 0, -0.1071719, -0.005350128, -0.9942261, -0.07226025, -0.0522548, -0.996016, 180.3083, 186.1524, 267.1421, 183.0032, 184.1495, 234.1275, 2.694885, 2.002899, -33.01457, -0.4659966, -0.6522414, 0.5978531, -0.1179149, -0.8923022, 0.4357671, 312.5088, 322.0654, 215.5441, 296.0292, 344.8589, 187.5278, -16.47961, -22.79349, -28.01624, 132.2005, -135.913, -51.59802, 113.026, -160.7094, -46.59969, -19.1745, 24.79639, 4.998337, 6.66364
30, 7, 0.04711556, -0.06674539, -0.996657, -0.06229949, -0.05284943, -0.9966573, 183.8313, 177.2934, 144.7818, 183.0354, 183.5768, 229.6916, -0.7959747, -6.283371, 84.90988, -0.7896467, -0.06748076, 0.6098397, -0.8917317, 0.01136274, 0.4524218, 353.6857, 307.6787, 265.1155, 1.438701, 296.9011, 270.73, -352.247, 10.77765, 5.614502, 169.8544, -130.3853, 120.3338, -181.5966, -113.3242, 41.03841, -351.451, -17.06102, -79.29538, 7.574525
31, 5, -0.04328301, -0.08066965, -0.9958007, -0.06089464, -0.05022337, -0.9968799, 184.6314, 182.4888, 208.2156, 182.8842, 183.4956, 230.4856, -1.747253, -1.00676, 22.26999, -0.4082506, 0.3820133, -0.8290943, -0.2997228, 0.7784198, -0.5515695, 155.2616, 206.2159, 313.0984, 125.3205, 208.5197, 338.9413, -29.94118, -2.303772, 25.84283, -29.36977, -23.72707, 104.8828, -57.56369, -25.02408, 108.4557, -28.19392, 1.297012, 3.572845, 7.007577
32, 4, -0.004198444, -0.07764911, -0.9969721, -0.04865069, -0.05016328, -0.9975554, 184.4535, 180.2413, 183.0949, 182.8788, 182.7921, 224.123, -1.574707, -2.550827, 41.02809, 0.9988421, -0.01852647, -0.04439496, 0.989844, -0.03815816, -0.1369408, 202.6513, 92.54492, 91.0626, 195.5703, 97.87664, 92.20764, -7.080933, -5.331718, 1.145042, 18.1978, 87.69635, -92.03233, 12.69157, 84.91546, -131.9154, -5.506226, 2.780891, -39.88305, 6.563423
33, 2, -0.128038, -0.0129805, -0.9916844, -0.05401469, -0.05185233, -0.9971929, 180.7499, 187.3569, 264.2111, 182.9766, 183.1005, 226.1701, 2.226685, 4.256363, -38.041, -0.3934388, -0.2765306, -0.8767766, -0.1922829, -0.3502829, -0.9166946, 197.505, 204.1674, 234.8983, 200.9126, 191.8464, 208.764, 3.407623, 12.32094, -26.13435, 16.75507, -16.8105, -29.31281, 17.936, -8.745926, -17.40616, 1.180939, -8.064575, 11.90665, 7.406388
34, 6, -0.03619581, -0.0150866, -0.9992309, -0.05039631, -0.05432248, -0.9972509, 180.865, 182.0746, 247.3734, 183.118, 182.893, 222.8528, 2.25296, -0.8184357, -24.52054, -0.4843563, -0.3873173, 0.7844644, -0.1320424, -0.8872469, 0.441993, 333.7228, 328.3073, 231.3523, 296.4807, 343.3669, 188.4648, -37.2421, -15.05951, -42.88751, 152.8578, -146.2328, -16.02109, 113.3628, -160.4739, -34.38806, -39.49506, 14.24107, -18.36697, 6.885739
35, 0, 0.1929539, -0.0678188, -0.9788614, -0.08840624, -0.05241045, -0.9947047, 183.9633, 168.8488, 109.3654, 183.0161, 185.0789, 239.339, -0.9472046, -16.23013, 129.9736, 0.595242, 0.192647, -0.7801117, 0.3708442, 0.5158095, -0.7722791, 166.1285, 142.6556, 72.0661, 146.2608, 154.3499, 35.71446, -19.86765, -11.69435, -36.35164, -17.83484, 26.19319, -37.29929, -36.75528, 30.72897, -203.6245, -18.92044, -4.535782, -166.3252, 6.607952
