SubjectID, Experiment, Height, Gender, Age, LocomotionRandomOrderId, TrialArray
HA, locima, 72", female, 25, 1, [see code]Trial, ObjectId, RealStartVectorX, RealStartVectorY, RealStartVectorZ, PerfectStartVectorX, PerfectStartVectorY, PerfectStartVectorZ, RealStartAngleX, RealStartAngleY, RealStartAngleZ, PerfectStartAngleX, PerfectStartAngleY, PerfectStartAngleZ, StartErrorX, StartErrorY, StartErrorZ, RealEndVectorX, RealEndVectorY, RealEndVectorZ, PerfectEndVectorX, PerfectEndVectorY, PerfectEndVectorZ, RealEndAngleX, RealEndAngleY, RealEndAngleZ, PerfectEndAngleX, PerfectEndAngleY, PerfectEndAngle, EndErrorX, EndErrorY, EndErrorZ, RealChangeX, RealChangeY, RealChangeZ, PerfectChangeX, PerfectChangeY, PerfectChangeZ, ChangeErrorX, ChangeErrorY, ChangeErrorZ, ElapsedTime
 
LOCOMOTION
0, 5, -0.02034624, -0.08040961, -0.9965543, -0.0009852462, -0.1178317, -0.9930331, 184.6131, 181.1696, 194.1997, 186.767, 180.0569, 180.4791, 2.153915, 1.112762, -13.7206, 0.4269585, 0.01595875, -0.9041305, 0.1772341, 0.01816454, -0.9840011, 178.9888, 154.7219, 87.85941, 178.9424, 169.7896, 84.14825, -0.04634094, -15.06773, -3.711159, -5.624283, 26.44774, -106.3403, -7.824539, 10.26724, -96.33082, -2.200256, 16.1805, 10.00944, 7.574868
1, 2, 0.07013104, -0.05215014, -0.9961738, 0.02579305, -0.1213729, -0.9922718, 182.9967, 175.973, 126.6349, 186.9737, 178.511, 168.0025, 3.976944, -2.53801, 41.36764, 0.6210048, 0.08480024, -0.779206, 0.3033195, -0.9051394, -0.2978589, 173.789, 141.4462, 82.22417, 251.7849, 134.4796, 161.4736, 77.99591, 6.966553, 79.24942, -9.207718, 34.52684, -44.4107, 64.81125, 44.0314, -6.528915, 74.01897, -9.504562, 37.88178, 7.096609
2, 7, 0.001328606, -0.01325309, -0.9999115, -0.01340507, -0.1210328, -0.992558, 180.7594, 179.9239, 174.2753, 186.9523, 180.7738, 186.3201, 6.192963, -0.849884, 12.04477, -0.4307683, 0.7450724, -0.5092207, -0.3122031, 0.6972322, -0.6452879, 124.3507, 220.2291, 329.9654, 132.7842, 205.8186, 335.8784, 8.433525, 14.41046, 5.912964, -56.40865, -40.30521, 155.6901, -54.16809, -25.04486, 149.5583, 2.240562, -15.26035, -6.131805, 5.941911
3, 1, -0.006948823, -0.1477493, -0.9890006, -0.01009373, -0.1176858, -0.9929996, 188.4967, 180.4026, 182.6927, 186.7589, 180.5824, 184.9022, -1.737823, -0.1798248, 2.209473, 0.2897543, 0.1525638, -0.9448634, 0.1775738, 0.01658044, -0.9839678, 170.8278, 162.9512, 62.23193, 179.0346, 169.7701, 84.66564, 8.206802, -6.818924, 22.43371, -17.6689, 17.45137, -120.4608, -7.724274, 10.81227, -100.2365, 9.944626, 6.639099, 20.22424, 7.007937
4, 3, -0.02215484, -0.08389572, -0.9962283, -0.0002830684, -0.1161716, -0.9932291, 184.8137, 181.274, 194.7928, 186.6712, 180.0163, 180.1396, 1.857498, 1.257645, -14.65315, 0.9960462, -0.08380788, -0.02946607, 0.946565, -0.1344537, -0.2931502, 250.6288, 91.69449, 94.80957, 204.6386, 107.2077, 98.08443, -45.99019, -15.51321, 3.274864, 65.81509, 89.57948, -99.98318, 17.96741, 72.80862, -82.05517, -47.84769, 16.77086, 17.92802, 7.808048
5, 0, -0.01266221, -0.1193635, -0.9927699, -0.003928626, -0.1172229, -0.9930978, 186.8559, 180.7307, 186.0554, 186.7319, 180.2267, 181.9195, -0.1240082, 0.5040741, -4.135864, -0.4684134, 0.648785, -0.5997226, -0.2728956, 0.7053807, -0.6541911, 132.7496, 217.9916, 324.1713, 132.8438, 202.6434, 338.8497, 0.09414673, 15.34819, 14.67844, -54.10629, -37.26089, 138.1159, -53.88814, -22.41678, 156.9302, 0.2181549, -14.84412, 18.8143, 6.542485
6, 8, 0.006206833, -0.1580044, -0.9874189, -0.002648071, -0.1161057, -0.9932333, 189.0913, 179.6398, 177.7504, 186.6674, 180.1528, 181.3065, -2.423828, -0.5129089, 3.556107, 0.4568606, -0.7503672, -0.4777318, 0.2970203, -0.9139885, -0.2764128, 237.5166, 136.2793, 148.6649, 253.1734, 132.9419, 161.9973, 15.65681, 3.337448, 13.33244, 48.42529, 43.36053, -29.08556, 66.50594, 47.21089, -19.30922, 18.08064, -3.850357, 9.776337, 7.897301
7, 2, -0.04193194, -0.01400749, -0.9990224, -0.001664252, -0.1225313, -0.9924632, 180.8033, 182.4035, 251.528, 187.0382, 180.0961, 180.7782, 6.234924, 2.307388, -70.7498, -0.5547888, 0.3994042, -0.7298533, -0.2520792, 0.7188557, -0.6478446, 151.3108, 217.2398, 305.7509, 132.0257, 201.2612, 340.6759, -19.28511, 15.97858, 34.92499, -29.49249, -34.83635, 54.22296, -55.01253, -21.16516, 159.8978, -25.52003, -13.67119, 105.6748, 5.51989
8, 7, -0.01559836, -0.1216778, -0.9924471, -0.01425545, -0.1193632, -0.9927483, 186.9898, 180.9005, 187.3051, 186.856, 180.8227, 186.8105, -0.1337433, 0.07775879, -0.4945984, 0.3650238, 0.1745331, -0.9144923, 0.1929829, 0.01686747, -0.9810572, 169.1949, 158.2404, 64.44559, 179.015, 168.8715, 85.00482, 9.820099, -10.63113, 20.55923, -17.79489, 22.6601, -122.8595, -7.841049, 11.9512, -101.8057, 9.953842, 10.70889, 21.05383, 5.564155
9, 1, -0.02275125, -0.1328384, -0.9908766, 0.002961426, -0.1167193, -0.9931605, 187.6356, 181.3153, 189.7188, 186.7028, 179.8292, 178.5466, -0.9328003, 1.48616, -11.17216, 0.5172084, 0.7114247, 0.4757839, 0.544956, 0.731369, 0.4100272, 56.22634, 47.38882, 36.01729, 60.72372, 53.04205, 36.69045, 4.497375, -5.653229, 0.6731567, -131.4093, 133.9265, -153.7015, -125.9791, 126.7871, -141.8562, 5.430168, 7.139397, 11.84532, 5.775946
10, 4, 0.02604227, -0.1153682, -0.9929815, 0.004590635, -0.1233658, -0.9923506, 186.6271, 178.4977, 167.2797, 187.0865, 179.735, 177.8689, 0.4593506, -1.237259, 10.5892, 0.5679643, 0.3545588, -0.7427682, 0.3810301, 0.4497372, -0.8078073, 154.4826, 142.5963, 58.02501, 150.8936, 154.7475, 40.27221, -3.588974, -12.15114, -17.7528, -32.1445, 35.90135, -109.2547, -36.19283, 24.98747, -137.5967, -4.048325, 10.91388, -28.342, 5.919099
11, 3, 0.02906105, -0.09351035, -0.9951941, -0.001341938, -0.1216425, -0.9925731, 185.3679, 178.3274, 162.7359, 186.9869, 180.0775, 180.632, 1.619049, -1.750092, 17.89619, 0.3104835, 0.7171809, 0.6239003, 0.5649628, 0.7250388, 0.3938727, 48.97887, 26.4572, 23.40885, 61.48726, 55.11711, 37.92634, 12.50839, -28.65992, 14.51749, -136.389, 151.8702, -139.327, -125.4996, 124.9603, -142.7057, 10.88933, 26.90982, -3.378708, 6.44139
12, 5, -0.08632411, -0.1791752, -0.9800227, -0.0002162702, -0.1172885, -0.9930978, 190.3608, 185.0338, 205.7241, 186.7356, 180.0125, 180.1056, -3.625168, 5.021347, -25.61848, 0.4510726, -0.7197838, -0.5276785, 0.3033901, -0.9095187, -0.2841305, 233.7546, 139.4754, 147.9255, 252.6514, 133.1225, 161.5527, 18.89677, 6.352905, 13.6272, 43.39378, 45.55847, -57.79858, 65.91573, 46.89003, -18.5529, 22.52194, -1.331558, 39.24568, 5.597535
13, 7, -0.07360745, -0.02762397, -0.9969048, 0.002492737, -0.1231845, -0.9923806, 181.5872, 184.2228, 249.4295, 187.0759, 179.8561, 178.8407, 5.488693, 4.366745, -70.58878, 0.987866, -0.1397771, -0.06769823, 0.954426, -0.1295597, -0.2688592, 244.1577, 93.92034, 98.05355, 205.7288, 105.7324, 97.73043, -38.42892, -11.81205, -0.3231201, 62.57047, 90.30248, -151.3759, 18.65285, 74.12369, -81.1103, -43.91762, 16.17879, 70.26565, 5.575204
14, 3, -0.008705331, -0.2090191, -0.9778729, -0.009348554, -0.1159871, -0.9932067, 192.0653, 180.51, 182.3849, 186.6608, 180.5393, 184.6081, -5.404495, -0.02923584, 2.223175, 0.6450411, 0.3416065, -0.68354, 0.3788447, 0.4445021, -0.8117232, 153.4459, 136.6598, 62.09481, 151.2948, 154.9807, 40.44062, -2.151154, -18.32092, -21.65419, -38.61943, 43.85022, -120.2901, -35.36609, 25.55853, -144.1674, 3.253342, 18.29169, -23.87737, 6.051908
15, 0, 0.00244194, -0.1111304, -0.9938028, 0.004363321, -0.1187723, -0.9929119, 186.3805, 179.8592, 178.7412, 186.8213, 179.7482, 177.8961, 0.4408264, 0.1110077, -0.8451233, 0.9898911, -0.1415805, -0.008420697, 0.9517556, -0.1315419, -0.2772326, 266.5963, 90.48739, 98.13961, 205.3835, 106.2401, 97.86898, -61.21277, -15.75269, -0.2706299, 80.21576, 89.37183, -80.60159, 18.56216, 73.50814, -80.02709, -61.65359, 15.86369, 0.5744934, 6.120775
16, 1, 0.7380127, -0.1613534, -0.6552116, -0.02653323, -0.116667, -0.9928166, 193.8345, 131.5988, 102.3327, 186.7022, 181.5309, 192.8127, -7.132294, -49.93202, 90.48003, -0.3139706, -0.7983543, 0.5138608, -0.06290849, -0.9654312, 0.2529531, 302.7674, 328.575, 201.4683, 284.6821, 346.0341, 183.7282, -18.0853, -17.45914, -17.74014, 108.9329, -196.9761, 99.13567, 97.9799, -164.5032, -9.084503, -10.953, -32.47289, -108.2202, 6.551514
17, 5, 0.02439977, -0.1038143, -0.9942974, 0.001452391, -0.1216353, -0.9925737, 185.9606, 178.5943, 166.7737, 186.9865, 179.9162, 179.3159, 1.025864, -1.321899, 12.54224, -0.8591136, -0.1099102, 0.4998436, -0.9305562, -0.1368479, 0.3396141, 347.5986, 300.1914, 262.7095, 338.053, 290.05, 261.634, -9.545654, 10.14142, -1.07547, 161.638, -121.5972, 95.93584, 151.0665, -110.1338, 82.31813, -10.57152, -11.46332, -13.61771, 6.485386
 
IMAGINATION
0, 2, 0.01805863, -0.089613, -0.995813, 0.01464615, -0.1202212, -0.9926391, 185.1422, 178.9611, 168.6065, 186.9056, 179.1547, 173.0541, 1.763428, -0.1936035, 4.447617, 0.9281393, 0.3447595, -0.1403518, -0.278058, 0.7221797, -0.6333564, 112.1513, 98.59904, 69.62237, 131.251, 203.7026, 338.942, 19.0997, -105.1035, 269.3196, -72.99091, 80.36204, -98.98409, -55.65463, -24.5479, 165.8879, 17.33627, 104.9099, 264.872, 7.629193
1, 3, 0.0414212, -0.09247546, -0.9948532, 0.01007645, -0.1212937, -0.9925655, 185.3106, 177.6158, 155.8717, 186.9671, 179.4184, 175.2511, 1.656525, -1.802521, 19.37941, 0.3689496, 0.5127129, 0.775243, 0.966349, -0.1558892, -0.2046171, 33.47897, 25.45047, 35.7389, 217.3023, 101.9554, 99.16388, 183.8233, -76.5049, 63.42498, -151.8316, 152.1654, -120.1328, 30.33513, 77.46301, -76.08719, 182.1668, 74.70237, 44.04558, 20.62368
2, 8, 0.01776167, -0.07180723, -0.9972605, 0.01959118, -0.1211685, -0.9924386, 184.1185, 178.9796, 166.1066, 186.9609, 178.8691, 170.8156, 2.842438, 0.1105347, 4.708954, 0.6435664, -0.4725858, 0.6020672, 0.2988822, -0.89697, -0.3257519, 321.8703, 46.90814, 126.2907, 250.0405, 137.4632, 161.5713, -71.82974, -90.55502, 35.28056, 137.7518, 132.0715, -39.81594, 63.07964, 41.40594, -9.244339, -74.67218, 90.66556, 30.5716, 12.98199
3, 5, -0.003627026, 0.01182443, -0.9999236, 0.017766, -0.1263232, -0.9918301, 179.3225, 180.2078, 342.9471, 187.2583, 178.9738, 171.9945, 7.935837, 1.234009, -170.9527, -0.9265718, 0.1716124, 0.3346849, -0.9059353, -0.1812633, 0.382655, 27.14685, 289.8601, 280.493, 334.6531, 292.8986, 258.6854, 307.5063, -3.038452, -21.80756, -152.1756, -109.6523, -62.45416, 147.3948, -113.9247, 86.69096, 299.5704, 4.272461, 149.1451, 7.462146
4, 1, 0.04161652, 0.01221112, -0.999059, 0.02261615, -0.1272499, -0.9916129, 179.2997, 177.6147, 73.64726, 187.3126, 178.6935, 169.922, 8.012863, -1.078781, 96.27478, 0.8450673, -0.5044987, 0.1770377, 0.1673009, 0.03567288, -0.9852604, 289.3369, 78.16792, 120.8369, 177.9264, 170.3629, 77.96332, -111.4105, -92.19497, -42.87357, 110.0372, 99.44677, 47.18962, -9.386154, 8.330582, -91.95872, -119.4233, 91.11619, -139.1483, 11.7054
5, 7, 0.03727334, -0.1112324, -0.9930952, 0.01205062, -0.1223753, -0.9924108, 186.3908, 177.8506, 161.4743, 187.0297, 179.3043, 174.3761, 0.6389008, -1.453751, 12.90178, -0.8290603, 0.559134, -0.005331665, -0.2467135, 0.7268184, -0.6409895, 90.54633, 269.6315, 303.9965, 131.4094, 201.0515, 341.2506, 40.86311, 68.58008, 37.25412, -95.84449, -91.78098, 142.5222, -55.62029, -21.74715, 166.8745, 40.22421, -70.03383, 24.35234, 10.96138
6, 4, 0.05997401, -0.181024, -0.9816483, 0.03541332, -0.1221054, -0.9918852, 190.4484, 176.5038, 161.6697, 187.0181, 177.9552, 163.8266, -3.430389, -1.451401, 2.156906, -0.7098502, -0.5238985, 0.4707898, 0.4167532, 0.4634009, -0.7820335, 311.9438, 303.5533, 233.5712, 149.3508, 151.9464, 41.96619, -162.593, 151.6069, -191.6049, 121.4953, -127.0495, 71.90141, -37.66728, 26.00883, -121.8605, -159.1626, -153.0583, -193.7619, 11.97217
7, 6, 0.1198307, -0.02187622, -0.9925533, 0.03795699, -0.1209694, -0.9919302, 181.2626, 173.116, 100.3459, 186.9531, 177.8086, 162.5795, 5.690475, -4.692596, 62.23358, 0.7149594, 0.1286318, -0.6872316, 0.3918909, 0.4521076, -0.8012616, 169.3984, 133.8671, 79.80076, 150.5664, 153.9371, 40.91904, -18.83203, -20.06996, -38.88172, -11.8642, 39.24887, -20.54519, -36.3867, 23.87151, -121.6605, -24.52251, 15.37737, -101.1153, 7.141268
8, 1, -0.01044269, -0.1458171, -0.9892565, 0.04677705, -0.1200511, -0.9916651, 188.3851, 180.6048, 184.0963, 186.9026, 177.2993, 158.712, -1.482422, 3.30545, -25.38426, -0.3770986, -0.6559097, 0.6538954, 0.08922623, -0.8448209, 0.5275571, 314.9119, 330.0281, 209.8956, 301.9832, 9.599643, 173.971, -12.92874, 320.4285, -35.92462, 126.5268, -149.4233, 25.79939, 115.0805, 167.6997, 15.25903, -11.44632, -317.123, -10.54036, 10.10577
9, 4, 0.04795552, -0.07327858, -0.9961579, 0.03824199, -0.1213649, -0.991871, 184.2072, 177.2439, 146.7982, 186.976, 177.792, 162.5104, 2.768845, -0.5481415, 15.71225, -0.2438916, -0.4789234, 0.8432967, -0.8579407, 0.157763, 0.488926, 330.407, 343.8695, 206.9875, 17.88347, 299.6781, 280.4195, -312.5235, 44.19141, 73.43201, 146.1998, -166.6256, 60.1893, -169.0925, -121.8861, 117.9091, -315.2924, -44.73955, 57.71976, 9.618577
10, 0, -0.2312585, -0.1086749, -0.9668037, 0.06120875, -0.1132696, -0.9916771, 186.4135, 193.4523, 244.8299, 186.5161, 176.468, 151.614, 0.1026001, 16.98428, -93.21582, 0.8498197, 0.2469392, 0.4656474, 0.9613931, -0.1411207, -0.2362378, 27.93761, 61.28005, 73.79729, 210.8527, 103.8055, 98.35069, 182.9151, -42.52541, 24.5534, -158.4759, 132.1723, -171.0326, 24.33662, 72.66259, -53.26336, 182.8125, 59.5097, 117.7692, 13.46084
11, 1, 0.01247362, -0.1007205, -0.9948367, 0.02619113, -0.1218559, -0.9922022, 185.7811, 179.2816, 172.9402, 187.0016, 178.4879, 167.8697, 1.22052, 0.7937317, -5.070557, -0.280874, -0.1255181, 0.9515014, 0.2957303, -0.8994819, -0.3216767, 352.4852, 343.5539, 245.9209, 250.3217, 137.4064, 161.8002, -102.1635, 206.1475, -84.12065, 166.7041, -164.2722, 72.98068, 63.32008, 41.08148, -6.069412, -103.384, -205.3537, -79.05009, 10.53916
12, 8, 0.03604335, -0.06367525, -0.9973196, 0.006533683, -0.1204439, -0.9926986, 183.6532, 177.9302, 150.488, 186.9179, 179.6229, 176.8949, 3.264694, -1.692673, 26.40694, -0.5625919, -0.6443368, 0.5179965, -0.1269553, -0.3391857, -0.9321134, 308.7966, 312.6368, 221.1253, 199.9959, 187.756, 200.5206, -108.8007, 124.8807, -20.60471, 125.1434, -134.7066, 70.6373, 13.07802, -8.133148, 23.62566, -112.0654, -126.5734, -47.01164, 6.751983
13, 6, 0.1865787, -0.007211058, -0.9824137, 0.0004106185, -0.1224798, -0.9924709, 180.4205, 169.2465, 92.21332, 187.0352, 179.9763, 179.8079, 6.614685, -10.72975, 87.5946, -0.6616597, -0.7232761, -0.1976817, -0.1289202, -0.3256938, -0.9366446, 254.7136, 253.3656, 222.4526, 199.1738, 187.837, 201.5953, -55.53979, 65.52864, -20.8573, 74.29303, -84.11908, 130.2393, 12.13855, -7.860687, 21.78735, -62.15448, -76.25839, -108.4519, 10.41619
14, 2, 0.05018046, -0.09283374, -0.9944165, 0.02228153, -0.1216722, -0.9923202, 185.3334, 177.1112, 151.6069, 186.9904, 178.7137, 169.6225, 1.656967, -1.602524, 18.01559, 0.6573622, -0.7512033, 0.05973716, -0.2195143, -0.9376306, 0.2695595, 274.5467, 84.80756, 138.8115, 286.0394, 320.8425, 193.1765, 11.49274, -236.035, 54.36501, 89.2133, 92.30361, -12.79543, 99.04907, -142.1288, 23.55399, 9.83577, 234.4324, 36.34941, 10.93774
15, 5, 0.02443525, -0.1356876, -0.9904506, -0.01941364, -0.119959, -0.992589, 187.8007, 178.5868, 169.7913, 186.891, 181.1205, 189.1928, -0.9096832, -2.533722, 19.40146, -0.9226156, 0.2268673, -0.3119484, 0.2320305, 0.01471784, -0.9725972, 143.9731, 251.3189, 283.8147, 179.133, 166.5819, 86.37056, 35.15991, 84.73706, -197.4441, -43.82759, -72.73218, 114.0234, -7.757996, 14.5386, -102.8222, 36.0696, -87.27078, -216.8456, 6.508408
16, 3, 0.05680975, -0.1201551, -0.9911283, 0.02259587, -0.1250778, -0.9918896, 186.9123, 176.7195, 154.695, 187.1871, 178.695, 169.7597, 0.274826, -1.975494, 15.06467, 0.5257648, -0.8065471, 0.2702839, 0.146457, 0.07236732, -0.9865664, 288.5266, 62.79332, 146.9008, 175.8047, 171.556, 63.7051, -112.7219, -108.7627, -83.19573, 101.6144, 113.9262, -7.794205, -11.38237, 7.138947, -106.0546, -112.9967, 106.7872, -98.2604, 18.09108
17, 0, -0.004598438, 0.0297202, -0.9995477, 0.009481544, -0.129329, -0.9915564, 178.2969, 180.2636, 351.2047, 187.4312, 179.4521, 175.807, 9.134262, 0.8114319, -175.3977, -0.5677816, 0.5941333, -0.5697629, -0.2695284, 0.7251709, -0.6336258, 133.8005, 224.9002, 316.2992, 131.1457, 203.0437, 339.6111, -2.6548, 21.85654, 23.31189, -44.4964, -44.63663, -34.90546, -56.28546, -23.59152, 163.8042, -11.78906, -21.0451, 198.7096, 7.53028
 
LOCOMOTION
18, 8, 0.007141423, -0.06133161, -0.9980919, 0.01503753, -0.1175568, -0.9929523, 183.5163, 179.5901, 173.3584, 186.7519, 179.1324, 172.7105, 3.235535, 0.4576874, -0.647934, -0.2694, -0.609484, 0.7456225, -0.98481, -0.05567327, 0.1644679, 320.7369, 340.1348, 203.8461, 341.2988, 279.4812, 266.7644, 20.56189, 60.65359, 62.91835, 137.2205, -160.5447, 30.48764, 154.5469, -100.3488, 94.05392, 17.32635, -60.19591, 63.56628, 7.963593
19, 0, 0.0254571, -0.08465068, -0.9960856, 0.02542206, -0.1162594, -0.9928935, 184.8575, 178.536, 163.2623, 186.6784, 178.5333, 167.6655, 1.820923, 0.002685547, 4.403137, -0.3115115, -0.8911219, 0.3299431, 0.004398805, -0.9687637, 0.2479466, 290.3174, 316.6459, 199.2682, 284.3562, 1.016374, 179.7398, -5.961212, 315.6295, -19.52837, 105.4599, -138.1099, 36.00587, 97.67773, 177.517, 12.07437, -7.782135, -315.6268, -23.9315, 9.540133
20, 4, 0.04318863, -0.1754081, -0.9835482, -0.002404774, -0.1095164, -0.9939821, 190.1119, 177.4857, 166.1679, 186.2875, 180.1386, 181.2579, -3.824478, -2.652908, 15.09001, -0.9914506, 0.1277794, 0.02642683, -0.9210882, -0.1208916, 0.3701105, 78.31506, 271.5269, 277.3439, 341.9111, 291.8912, 262.5227, 263.596, -20.36432, -14.82114, -111.7969, -94.04115, 111.176, 155.6236, -111.7526, 81.26483, 267.4205, 17.71141, -29.91115, 5.807918
21, 2, 0.02629309, -0.1539867, -0.9877231, -0.01276589, -0.1178212, -0.9929528, 188.8611, 178.4752, 170.3103, 186.7669, 180.7366, 186.1839, -2.094208, -2.261414, 15.8736, -0.2362165, -0.854953, 0.4617977, -0.025783, -0.9646395, 0.2623087, 298.3754, 332.9096, 195.445, 285.2123, 354.3863, 181.5311, -13.16315, -21.47672, -13.91399, 109.5143, -154.4344, 25.13478, 98.44536, -173.6497, -4.652802, -11.06894, 19.2153, -29.78758, 4.319607
22, 1, -0.01377478, -0.01449755, -0.9998, -0.00646667, -0.1216705, -0.9925495, 180.8307, 180.7893, 223.5356, 186.9887, 180.3733, 183.0423, 6.157913, 0.4160461, -40.49324, 0.5505996, -0.7667265, -0.3301068, 0.3021763, -0.9142107, -0.2700154, 246.7062, 120.9444, 144.3172, 253.5453, 131.783, 161.7096, 6.839142, -10.83858, 17.3924, 65.87541, 59.84493, -79.21837, 66.55664, 48.5903, -21.33273, 0.6812286, 11.25463, 57.88564, 5.43104
23, 2, 0.01771362, -0.0156369, -0.999721, -0.01347167, -0.128577, -0.991608, 180.8961, 178.9849, 131.4368, 187.388, 180.7784, 185.9814, 6.491943, -1.793442, 54.54454, -0.4035742, -0.2877176, -0.8685313, -0.1644355, -0.3665875, -0.9157372, 198.3284, 204.9225, 234.514, 201.8172, 190.1799, 204.159, 3.488754, 14.74265, -30.35507, 17.43233, -25.93764, 103.0772, 14.42914, -9.40155, 18.17761, -3.003189, -16.53609, -84.89961, 5.153113
24, 6, 0.1075561, -0.03264065, -0.9936633, 0.005092732, -0.1239008, -0.9922816, 181.8814, 173.8223, 106.8818, 187.1174, 179.7059, 177.6463, 5.235947, -5.883682, 70.76451, 0.4748423, 0.6498708, 0.5934583, 0.4420061, 0.7635325, 0.4707959, 47.59785, 38.66426, 36.15455, 58.34193, 43.19349, 30.06639, 10.74408, -4.529228, -6.088161, -134.2836, 135.158, -70.72723, -128.7755, 136.5125, -147.5799, 5.508118, -1.354462, -76.85267, 5.019824
25, 4, 0.0211849, -0.1400339, -0.98992, -0.015458, -0.1271492, -0.9917631, 188.0516, 178.774, 171.3973, 187.3058, 180.893, 186.9316, -0.7458649, -2.118927, 15.53433, 0.9763061, -0.09847539, -0.1926896, 0.9652125, -0.141261, -0.2200232, 207.0696, 101.1647, 95.75967, 212.7016, 102.8413, 98.32626, 5.631958, -1.676575, 2.566582, 19.01801, 77.60928, -75.63763, 25.39583, 78.05164, -88.60538, 6.377823, -0.4423523, -12.96775, 5.052763
26, 6, 0.03306884, -0.1300884, -0.9909509, -0.006210229, -0.1195093, -0.9928136, 187.4788, 178.0887, 165.7374, 186.8639, 180.3584, 182.9747, -0.6149139, -2.269684, 17.23732, -0.3357863, -0.3614424, -0.8698316, -0.1676619, -0.357901, -0.9185839, 202.5644, 201.1084, 222.8926, 201.287, 190.3439, 205.1012, -1.277405, 10.76451, -17.79146, 15.0856, -23.01968, 57.15526, 14.42311, -9.985489, 22.12648, -0.6624908, -13.03419, -35.02878, 5.20797
27, 5, 0.07460431, -0.07913379, -0.9940687, -0.004209423, -0.1220769, -0.9925117, 184.5515, 175.708, 136.6876, 187.012, 180.243, 181.9749, 2.460556, -4.534973, 45.28729, -0.5382257, 0.5686139, -0.6220863, -0.2748317, 0.7098664, -0.6485038, 137.5713, 220.8662, 316.5727, 132.4135, 202.9669, 338.8356, -5.157837, 17.89926, 22.26294, -46.98015, -45.15816, 179.8851, -54.59854, -22.72392, 156.8607, -7.618393, -22.43423, -23.02435, 5.919572
28, 0, 0.03476851, -0.1001854, -0.9943612, 0.009467119, -0.1140377, -0.9934313, 185.7533, 177.9974, 160.8611, 186.5484, 179.454, 175.2543, 0.7950745, -1.456558, 14.39323, 0.6551819, 0.2846901, -0.6997773, 0.389017, 0.4434445, -0.8074793, 157.862, 136.8851, 66.51405, 151.2257, 154.2768, 41.25925, -6.636368, -17.39168, -25.25481, -27.8913, 41.11235, -94.34705, -35.32274, 25.17723, -133.9951, -7.431442, 15.93512, -39.64804, 5.820266
29, 6, 0.003884527, -0.0324384, -0.9994664, 0.02111775, -0.1143177, -0.9932198, 181.8589, 179.7773, 173.1713, 186.5658, 178.782, 169.5338, 4.706833, 0.9953461, -3.637482, 0.4736322, 0.4410367, -0.7623381, 0.3942412, 0.4337508, -0.8102062, 149.9493, 148.1478, 47.04095, 151.8372, 154.0527, 42.26807, 1.887985, -5.904968, -4.772881, -31.90965, 31.62953, -126.1303, -34.7285, 24.72922, -127.2657, -2.818848, 6.900314, -1.135406, 4.087714
30, 8, 0.04572609, -0.08902589, -0.9949791, 0.02434714, -0.1123239, -0.9933733, 185.1129, 177.3687, 152.8138, 186.4512, 178.596, 167.7699, 1.338287, -1.22728, 14.95612, 0.3762168, 0.7145174, 0.5898525, 0.5520894, 0.7512554, 0.3616804, 50.45945, 32.53035, 27.76828, 64.29222, 56.77071, 36.31176, 13.83277, -24.24037, 8.543486, -134.6535, 144.8384, -125.0455, -122.159, 121.8253, -131.4581, 12.49448, 23.01308, -6.412628, 4.964621
31, 4, 0.008772777, -0.08354864, -0.9964652, 0.03287137, -0.1164165, -0.9926564, 184.7928, 179.4956, 174.0058, 186.689, 178.1034, 164.2324, 1.89621, 1.392212, -9.773361, -0.3876985, -0.1740109, -0.9052128, -0.1476849, -0.3626549, -0.9201471, 190.8813, 203.1852, 245.828, 201.5107, 189.1183, 202.1578, 10.62939, 14.06696, -43.67024, 6.088593, -23.68965, 71.8222, 14.82178, -11.01491, 37.92532, 8.733185, -12.67474, -33.89688, 4.931584
32, 3, 0.06612477, -0.09598939, -0.9931838, 0.01786786, -0.1145825, -0.993253, 185.5204, 176.1909, 145.438, 186.5806, 178.9694, 171.1368, 1.060226, -2.778458, 25.69878, 0.4561201, 0.102271, -0.8840221, 0.204573, 0.01909026, -0.9786652, 173.4009, 152.7081, 77.36219, 178.8825, 168.1933, 84.66873, 5.481613, -15.48524, 7.306541, -12.11949, 23.48288, -68.0758, -7.698105, 10.77609, -86.46803, 4.421387, 12.70679, -18.39223, 4.954554
33, 8, 0.006723808, -0.04103581, -0.9991352, 0.02023802, -0.1143096, -0.993239, 182.3519, 179.6144, 170.6947, 186.5652, 178.8327, 169.9601, 4.213272, 0.7817078, -0.7345886, -0.3070974, -0.2222336, -0.9253667, -0.1510726, -0.3573235, -0.9216816, 193.5043, 198.3592, 234.1083, 201.1906, 189.3086, 202.9181, 7.686386, 9.050659, -31.19019, 11.15237, -18.7448, 63.41365, 14.62549, -10.47585, 32.95805, 3.473114, -8.268951, -30.4556, 5.087273
34, 7, 0.06729307, 0.008486988, -0.9976972, 0.02657149, -0.1182364, -0.9926299, 179.5126, 176.1413, 82.81182, 186.7927, 178.4666, 167.3342, 7.280121, -2.325302, 84.52242, -0.9809814, -0.04665975, 0.1884101, -0.9528065, -0.1448463, 0.2667944, 346.0905, 280.872, 267.2768, 331.5019, 285.6427, 261.356, -14.58868, -4.770721, -5.920807, 166.5779, -104.7307, 184.465, 144.7091, -107.1761, 94.02177, -21.8688, 2.445419, -90.44322, 5.408155
35, 6, 0.08406126, -0.02505373, -0.9961458, 0.03768781, -0.1165197, -0.9924731, 181.4407, 175.1765, 106.5962, 186.6961, 177.8253, 162.0764, 5.255341, -2.648865, 55.48018, -0.4339344, -0.8005915, 0.4132242, 0.009622598, -0.9717268, 0.2359119, 297.3004, 313.5996, 208.4585, 283.646, 2.335739, 179.4326, -13.65442, 311.2638, -29.0258, 115.8597, -138.4231, 101.8622, 96.94997, 175.4896, 17.35623, -18.90976, -313.9127, -84.50598, 5.15124
 
IMAGINATION
