SubjectID, Experiment, Height, Gender, Age, LocomotionRandomOrderId, TrialArray
02KW, locima, 66", female, 24, 1, [see code]Trial, ObjectId, RealStartVectorX, RealStartVectorY, RealStartVectorZ, PerfectStartVectorX, PerfectStartVectorY, PerfectStartVectorZ, RealStartAngleX, RealStartAngleY, RealStartAngleZ, PerfectStartAngleX, PerfectStartAngleY, PerfectStartAngleZ, StartErrorX, StartErrorY, StartErrorZ, RealEndVectorX, RealEndVectorY, RealEndVectorZ, PerfectEndVectorX, PerfectEndVectorY, PerfectEndVectorZ, RealEndAngleX, RealEndAngleY, RealEndAngleZ, PerfectEndAngleX, PerfectEndAngleY, PerfectEndAngle, EndErrorX, EndErrorY, EndErrorZ, RealChangeX, RealChangeY, RealChangeZ, PerfectChangeX, PerfectChangeY, PerfectChangeZ, ChangeErrorX, ChangeErrorY, ChangeErrorZ, ElapsedTime
 
LOCOMOTION
0, 5, -0.0118624, 0.06875965, -0.9975628, 0.01624639, -0.1276616, -0.9916847, 176.057, 180.6813, 350.2117, 187.3354, 179.0614, 172.7475, 11.27847, 1.619858, -177.4642, 0.1561623, 0.1447611, -0.977066, 0.2001039, 0.02061119, -0.9795579, 171.5724, 170.9193, 47.16975, 178.7946, 168.4545, 84.11913, 7.222168, 2.464874, 36.94938, -4.484543, 9.761948, -303.042, -8.540848, 10.60696, -88.62832, -4.056305, -0.8450165, 214.4136, 7.185243
1, 2, 0.02083379, -0.0002738555, -0.9997831, 0.01591848, -0.1264819, -0.9918411, 180.0157, 178.8062, 90.7531, 187.2673, 179.0805, 172.8267, 7.251587, -0.274292, 82.07361, 0.3533763, -0.832056, -0.4275605, 0.3115994, -0.9189873, -0.2415946, 242.8032, 140.4265, 156.989, 255.2707, 127.7878, 161.2698, 12.4675, 12.63871, 4.280884, 62.78749, 38.37976, 66.23586, 68.0034, 51.29276, -11.55687, 5.215912, -12.913, -77.79272, 7.463022
2, 7, 0.02798457, -0.0006333646, -0.9996082, 0.004603226, -0.1230725, -0.992387, 180.0363, 178.3964, 91.29654, 187.0695, 179.7342, 177.858, 7.033218, -1.337845, 86.56145, -0.5424439, 0.6955226, -0.4711719, -0.2715322, 0.7342863, -0.6221687, 124.1151, 229.0221, 322.049, 130.275, 203.5778, 339.7061, 6.159836, 25.44427, 17.65704, -55.92117, -50.62572, 230.7525, -56.79456, -23.8436, 161.8481, -0.8733826, -26.78212, -68.9044, 5.47484
3, 1, -0.01881683, -0.1861294, -0.9823452, -0.00414882, -0.1176124, -0.9930509, 190.7289, 181.0974, 185.7727, 186.7544, 180.2394, 182.0203, -3.974533, 0.8579865, -3.752426, 0.09333479, 0.06692579, -0.9933829, 0.2041028, 0.02207326, -0.9787006, 176.1457, 174.6324, 54.35756, 178.708, 168.2201, 83.82758, 2.562271, 6.412323, 29.47003, -14.58319, 6.464905, -131.4152, -8.046387, 12.01924, -98.19271, 6.536804, -5.554337, 33.22245, 6.230297
4, 3, -0.03724413, -0.0541869, -0.9978362, 0.0079641, -0.1189796, -0.9928648, 183.1084, 182.1376, 214.5018, 186.8334, 179.5404, 176.1705, 3.725082, 2.597153, -38.33125, 0.9548784, 0.137771, -0.2631091, 0.9452717, -0.1284166, -0.299951, 152.3622, 105.4051, 81.78996, 203.177, 107.6051, 97.73635, 50.81476, -2.200012, 15.94639, -30.74612, 76.73245, -132.7118, 16.34355, 71.93529, -78.43418, 47.08968, 4.797165, 54.27764, 6.57457
5, 0, 0.0147522, -0.01226134, -0.9998159, 0.001441994, -0.116067, -0.9932403, 180.7026, 179.1547, 129.7318, 186.6652, 179.9168, 179.2882, 5.962555, -0.7621307, 49.55643, -0.6033646, 0.531056, -0.594921, -0.2799863, 0.7207497, -0.6341353, 138.2463, 225.4037, 311.3529, 131.3422, 203.8226, 338.7706, -6.904114, 21.58109, 27.41769, -42.4563, -46.24904, 181.6211, -55.32297, -23.90582, 159.4824, -12.86667, -22.34322, -22.13873, 6.264122
6, 8, -0.003735066, -0.09429996, -0.9955369, -0.01003106, -0.109344, -0.9939533, 185.4111, 180.215, 182.2682, 186.2778, 180.5782, 185.2416, 0.8667603, -0.3632507, 2.973358, 0.3082975, -0.722724, -0.6185652, 0.3066217, -0.9174662, -0.2534536, 229.4404, 153.508, 156.898, 254.557, 129.5771, 161.5201, 25.11655, 23.93085, 4.622101, 44.02937, 26.70697, -25.37018, 68.27916, 51.00107, -23.72144, 24.24979, -24.2941, 1.648743, 5.975842
7, 2, 0.006893975, -0.03979486, -0.9991841, -0.01685874, -0.1143172, -0.9933012, 182.2807, 179.6047, 170.1718, 186.5652, 180.9724, 188.3891, 4.284439, -1.367661, 18.21738, -0.3376157, 0.6051435, -0.7209836, -0.2703152, 0.7215002, -0.6374694, 139.9922, 205.0923, 330.8424, 131.4617, 202.9791, 339.4612, -8.530579, 2.113235, 8.618774, -42.28848, -25.48764, 160.6707, -55.1035, -22.00674, 151.0721, -12.81502, -3.480896, -9.598602, 6.164634
8, 7, -0.04161105, -0.122344, -0.9916151, -0.02789146, -0.1135623, -0.9931393, 187.0335, 182.4029, 198.784, 186.5233, 181.6087, 193.799, -0.5102692, 0.7942047, -4.984955, 0.01671723, 0.008656448, -0.9998227, 0.1734259, 0.02365484, -0.9845628, 179.5039, 179.0421, 62.62415, 178.6237, 170.0101, 82.23294, -0.8802338, 9.031982, 19.60879, -7.529587, 3.360779, -136.1598, -7.899551, 11.59856, -111.5661, -0.3699646, -8.237778, 24.59373, 6.941548
9, 1, 0.001697552, -0.1508083, -0.9885616, -0.004072644, -0.1130932, -0.993576, 188.6738, 179.9016, 179.3551, 186.4937, 180.2349, 182.0624, -2.180069, -0.333252, 2.707321, 0.5403726, 0.7061485, 0.4575496, 0.5216273, 0.7518919, 0.4031918, 57.05874, 49.74442, 37.42464, 61.79817, 52.29778, 34.7511, 4.739429, -2.55336, -2.673538, -131.615, 130.1572, -141.9305, -124.6955, 127.9371, -147.3113, 6.919495, 2.220108, -5.380859, 5.90817
10, 4, -0.03675331, -0.1781285, -0.9833207, -0.01324368, -0.1151265, -0.9932625, 190.2678, 182.1405, 191.6582, 186.6115, 180.7639, 186.5622, -3.656265, 1.376617, -5.096024, 0.3283143, 0.3068044, -0.8933538, 0.3792254, 0.4643958, -0.8003278, 161.046, 159.8212, 46.93972, 149.8753, 154.6467, 39.23506, -11.17075, 5.174591, -7.704662, -29.22177, 22.31929, -144.7185, -36.73625, 26.11726, -147.3272, -7.514481, -3.797974, -2.608643, 5.975588
11, 3, 0.01560618, -0.09522466, -0.9953335, -0.001731683, -0.1162338, -0.9932204, 185.4649, 179.1017, 170.6926, 186.6748, 180.0999, 180.8535, 1.209885, -0.9981689, 10.1609, -0.09201687, 0.03923569, -0.9949843, 0.502618, 0.7292237, 0.464336, 177.7418, 185.2837, 293.0932, 57.5129, 47.26717, 34.57658, -120.2289, 138.0165, -258.5167, -7.723114, -6.182007, 122.4006, -129.1619, 132.8327, -146.277, -121.4388, -139.0147, -268.6776, 19.75738
12, 5, -0.0211431, -0.0279931, -0.9993845, -0.01505311, -0.1206118, -0.9925856, 181.6045, 181.212, 217.0636, 186.9282, 180.8689, 187.1141, 5.32373, 0.3431244, -29.94954, 0.2921187, -0.7414499, -0.6040851, 0.3430066, -0.9086317, -0.2381908, 230.8291, 154.1929, 158.4964, 255.3109, 124.7769, 159.3186, 24.48178, 29.41599, 0.8221893, 49.22462, 27.01909, -58.56723, 68.38268, 56.09195, -27.7955, 19.15805, -29.07286, 30.77173, 7.174345
13, 7, 0.03226254, -0.01150487, -0.9994133, 0.002664599, -0.1168511, -0.9931459, 180.6595, 178.151, 109.6263, 186.7104, 179.8463, 178.6937, 6.050903, -1.695221, 69.06738, 0.9867041, 0.06550958, -0.1487408, 0.9519274, -0.1372405, -0.27386, 156.23, 98.57251, 86.20158, 206.617, 106.05, 98.20387, 50.38702, -7.477486, 12.0023, -24.42955, 79.57854, -23.42474, 19.90657, 73.79627, -80.48982, 44.33612, 5.782265, -57.06509, 6.907994
14, 3, -0.01982498, -0.1024783, -0.9945377, -0.01417448, -0.1128367, -0.9935125, 185.8831, 181.142, 190.9489, 186.4795, 180.8174, 187.16, 0.5964661, 0.324585, -3.788971, 0.5412807, 0.4141998, -0.731747, 0.3751418, 0.4648079, -0.8020114, 150.4883, 143.5093, 52.576, 149.9055, 154.9321, 38.90665, -0.58284, -11.42282, -13.66934, -35.39476, 37.63268, -138.3729, -36.57407, 25.88527, -148.2533, -1.179306, 11.74741, -9.880371, 7.328608
15, 0, 0.007924214, -0.1171473, -0.9930831, 0.003272551, -0.1166875, -0.9931633, 186.7277, 179.5428, 176.1302, 186.701, 179.8112, 178.3935, -0.02671814, -0.2683868, 2.263306, 0.9799606, 0.1185912, 0.1600424, 0.9484765, -0.1291907, -0.2893132, 36.53839, 80.72462, 83.09983, 204.0628, 106.9632, 97.75645, 167.5244, -26.23862, 14.65662, -150.1893, 98.8182, -93.0304, 17.36182, 72.84796, -80.63709, 167.5511, 25.97024, 12.39331, 6.507682
16, 1, -0.02220339, -0.04151443, -0.9988912, -0.009286046, -0.113698, -0.9934719, 182.3799, 181.2734, 208.1395, 186.5288, 180.5355, 184.6691, 4.148941, 0.7378235, -23.47031, -0.5036282, -0.7982045, 0.3304969, -0.04631848, -0.94987, 0.309195, 292.492, 303.2742, 212.2499, 288.0307, 351.4803, 182.7917, -4.461273, -48.20609, -29.45824, 110.1121, -122.0008, 4.110489, 101.5019, -170.9447, -1.877441, -8.610214, 48.94391, -5.98793, 6.696955
17, 5, -0.00882437, -0.06824507, -0.9976298, -0.01949551, -0.1170356, -0.9929364, 183.9133, 180.5068, 187.3677, 186.7223, 181.1248, 189.4574, 2.80899, -0.618042, 2.089661, -0.6891291, -0.07425629, 0.7208239, -0.9592678, -0.1112231, 0.2596819, 354.1184, 316.2878, 263.8499, 336.8143, 285.1474, 263.3863, -17.30408, 31.14035, -0.463562, 170.205, -135.781, 76.48218, 150.092, -104.0226, 73.92896, -20.11307, -31.75839, -2.553223, 6.45136
 
IMAGINATION
0, 2, 0.01629713, -0.03117302, -0.9993813, 0.01675273, -0.1185217, -0.9928101, 181.7866, 179.0658, 152.3996, 186.8078, 179.0333, 171.9547, 5.021149, 0.0324707, 19.55507, 0.7590715, 0.3802486, -0.5284142, -0.2699882, 0.722912, -0.6360067, 144.2611, 124.843, 63.39192, 131.3408, 203.0015, 339.5207, -12.92029, -78.15845, 276.1288, -37.52551, 54.22272, -89.00769, -55.46695, -23.9682, 167.566, -17.94144, 78.19092, 256.5737, 8.283904
1, 3, 0.03392959, -0.09700109, -0.9947058, 0.01089431, -0.1143732, -0.9933781, 185.5697, 178.0464, 160.7209, 186.5679, 179.3717, 174.5589, 0.9981232, -1.325272, 13.83797, -0.6133441, 0.272272, 0.741402, 0.9419531, -0.1154333, -0.315277, 20.16522, 320.3999, 293.9371, 200.1094, 108.5057, 96.98658, 179.9441, 211.8942, -196.9505, -165.4045, -142.3535, 133.2162, 13.5415, 70.86599, -77.57229, 178.946, -213.2195, -210.7885, 13.5707
2, 8, 0.01281642, -0.122352, -0.992404, 0.002056174, -0.1118426, -0.9937238, 187.0284, 179.2601, 174.0201, 186.4216, 179.8815, 178.9468, -0.6068878, -0.6213684, 4.926712, 0.04461713, -0.8514448, -0.5225428, 0.4108834, -0.8745241, -0.2576477, 238.462, 175.1197, 177.0004, 253.5842, 122.0901, 154.8342, 15.12224, 53.02956, -22.1662, 51.43356, 4.140427, 2.980301, 67.16269, 57.79136, -24.11261, 15.72913, -53.65093, -27.09291, 8.751601
3, 5, -0.02339162, -0.03942474, -0.9989489, 0.002584942, -0.1181199, -0.992996, 182.2601, 181.3414, 210.6816, 186.7836, 179.8508, 178.7463, 4.52356, 1.490555, -31.9353, -0.1258923, -0.06637287, 0.9898211, -0.9616789, -0.1097375, 0.2512595, 356.1638, 352.7516, 242.2009, 336.4067, 284.6425, 263.4901, -19.75705, 68.10919, 21.2892, 173.9037, -171.4102, 31.51927, 149.6231, -104.7916, 84.74377, -24.28061, -66.61864, 53.2245, 6.607796
4, 1, -0.02158919, -0.03174406, -0.9992631, 0.01644845, -0.1189479, -0.9927643, 181.8195, 181.2377, 214.2197, 186.8323, 179.0508, 172.1269, 5.012772, 2.186905, -42.09279, 0.7315767, -0.6786923, -0.06459224, 0.1825757, 0.04621579, -0.9821049, 264.5634, 95.04567, 132.8524, 177.3058, 169.4688, 75.79498, -87.25768, -74.42313, -57.05747, 82.74391, 86.19202, -81.36725, -9.526535, 9.581985, -96.33193, -92.27045, 76.61003, -14.96468, 8.183639
5, 7, 0.1107738, -0.01147696, -0.9937795, 0.045196, -0.1126527, -0.992606, 180.6617, 173.6396, 95.91515, 186.4749, 177.393, 158.1395, 5.813232, -3.753326, 62.22431, -0.9355614, 0.1604236, -0.3146254, -0.2552032, 0.7381324, -0.6245254, 152.9835, 251.4124, 279.73, 130.2342, 202.2267, 340.9276, -22.74934, 49.18576, 61.19754, -27.67815, -77.77277, 183.8149, -56.24072, -24.83368, 182.7881, -28.56258, -52.93909, -1.026764, 7.417922
6, 4, 0.07999689, -0.1007186, -0.9916936, 0.01569653, -0.1147693, -0.9932681, 185.7992, 175.3881, 141.5412, 186.5911, 179.0946, 172.2122, 0.7919312, -3.706528, 30.67097, -0.06355537, 0.1106969, 0.99182, 0.3902639, 0.4449149, -0.8060675, 6.368417, 356.3335, 330.1382, 151.1032, 154.1657, 41.25612, 144.7347, 202.1678, -288.8821, -179.4308, -180.9454, 188.5969, -35.48798, 24.92894, -130.9561, 143.9428, -205.8744, -319.553, 9.895338
7, 6, -0.0140567, -0.05505208, -0.9983847, 0.01130844, -0.1147472, -0.9933304, 183.1562, 180.8066, 194.3236, 186.5895, 179.3477, 174.3716, 3.433304, 1.458893, -19.95193, -0.5283738, 0.8142529, -0.2404443, 0.3761312, 0.4424268, -0.8141153, 106.4516, 245.5314, 327.0202, 151.4784, 155.2025, 40.36968, 45.02679, 90.3289, -286.6505, -76.70458, -64.72475, 132.6966, -35.1111, 24.14526, -134.002, 41.59348, -88.87001, -266.6986, 8.918344
8, 1, 0.06047736, -0.1963609, -0.9786649, 0.02803663, -0.1127111, -0.9932322, 191.3453, 176.4639, 162.8816, 186.4742, 178.3831, 166.0313, -4.871078, -1.91925, 3.149673, 0.2184949, -0.6430898, 0.7339588, -0.1483956, -0.9514999, 0.2694934, 318.7754, 16.57794, 161.2344, 285.8137, 331.1608, 188.8644, -32.96167, -314.5828, 27.63002, 127.4301, 159.8859, -1.647247, 99.33954, -152.7776, 22.8331, -28.09059, 312.6636, 24.48035, 8.317705
9, 4, -0.02017749, 0.02355833, -0.9995189, 0.0003286894, -0.1209072, -0.9926637, 178.6498, 181.1565, 319.4203, 186.9445, 179.981, 179.8442, 8.294647, 1.175446, -139.576, 0.008482097, -0.01776489, 0.9998062, -0.9566219, -0.1138122, 0.2681816, 358.9821, 0.4860709, 154.4772, 337.0044, 285.6604, 263.2152, -21.97769, -285.1743, 108.738, 180.3322, 180.6704, -164.9431, 150.0599, -105.6794, 83.371, -30.27234, 286.3498, 248.3141, 7.784304
10, 0, -0.05280616, -0.08127199, -0.9952921, -1.226538E-05, -0.1191767, -0.9928731, 184.6682, 183.037, 213.0136, 186.8446, 180.0007, 180.0059, 2.176376, 3.036331, -33.00774, 0.9475502, 0.3109051, 0.0740717, 0.957225, -0.135408, -0.2557048, 76.59937, 85.53017, 71.83458, 207.9034, 104.9563, 98.05158, 131.304, -19.42609, 26.217, -108.0688, 97.50686, -141.179, 21.05879, 75.04443, -81.95431, 129.1276, 22.46243, 59.22474, 7.052
11, 1, 0.07178758, -0.1918049, -0.9788042, 0.007545215, -0.1101397, -0.9938875, 191.0871, 175.8053, 159.4804, 186.3235, 179.565, 176.081, -4.76355, -3.759735, 16.60059, 0.5120275, -0.8552226, 0.08014038, 0.3002698, -0.9057956, -0.298952, 275.3534, 81.10448, 149.0908, 251.7349, 134.874, 161.6597, -23.61853, -53.76952, 12.56897, 84.2663, 94.70084, -10.38968, 65.41132, 44.69106, -14.4213, -18.85498, 50.00978, -4.031616, 7.029912
12, 8, 0.03337874, -0.07990703, -0.9962434, 0.01112945, -0.1182761, -0.9929184, 184.5858, 178.0811, 157.3288, 186.793, 179.3578, 174.6245, 2.20726, -1.276749, 17.2957, -0.4926754, -0.5831716, -0.6458964, -0.1467571, -0.3543966, -0.9235071, 222.0785, 217.3356, 220.1918, 200.9943, 189.0295, 202.4946, -21.08414, 28.30606, -17.69716, 37.49269, -39.25453, 62.86305, 14.20129, -9.671722, 27.87019, -23.2914, -29.58281, -34.99286, 7.161737
13, 6, 0.02986615, -0.02174727, -0.9993175, 0.01541389, -0.121069, -0.9925244, 181.2467, 178.2881, 126.0605, 186.9546, 179.1103, 172.7444, 5.707962, -0.822113, 46.68389, -0.7976313, 0.5646818, -0.2119412, -0.1763941, -0.3576264, -0.9170542, 110.5725, 255.1196, 305.2965, 201.3044, 190.8878, 206.2542, 90.73188, 64.23181, -99.04234, -70.67413, -76.83145, 179.236, 14.34979, -11.77753, 33.50974, 85.02392, -65.05392, -145.7262, 9.351065
14, 2, 0.1048268, -0.2124387, -0.9715356, 0.01831637, -0.1100678, -0.9937553, 192.3343, 173.8417, 153.7362, 186.3203, 178.9441, 170.552, -6.014023, -5.102356, 16.81581, 0.37894, -0.9065768, 0.185804, -0.150666, -0.9397042, 0.307011, 281.5825, 63.8801, 157.3156, 288.0927, 333.8604, 189.1089, 6.510284, -269.9803, 31.79333, 89.24814, 109.9616, 3.579376, 101.7724, -154.9164, 18.5569, 12.52431, 264.878, 14.97752, 7.918132
15, 5, 0.02233818, -0.07634054, -0.9968317, 0.005278559, -0.1136091, -0.9935115, 184.3793, 178.7163, 163.6899, 186.5235, 179.6956, 177.3398, 2.14415, -0.9793243, 13.64995, -0.9743165, 0.1357361, -0.1796747, 0.2241052, 0.02284237, -0.9742972, 142.9306, 259.5514, 277.9311, 178.657, 167.0463, 84.18011, 35.72635, 92.50513, -193.7509, -41.44875, -80.83516, 114.2412, -7.866547, 12.64929, -93.15971, 33.5822, -93.48445, -207.4009, 7.751328
16, 3, 0.05964705, -0.07449139, -0.9954363, 0.002316986, -0.1133777, -0.9935492, 184.2796, 176.5709, 141.3149, 186.5101, 179.8664, 178.8293, 2.230453, -3.295471, 37.51436, -0.5144086, 0.4923348, 0.7021326, 0.192621, 0.01892524, -0.9810907, 35.0381, 323.7721, 313.7439, 178.8949, 168.8922, 84.38863, 143.8568, 154.8799, -229.3553, -149.2415, -147.2012, 172.429, -7.615173, 10.97417, -94.44064, 141.6264, -158.1754, -266.8697, 9.461418
17, 0, -0.03222663, -0.2736302, -0.9612951, 0.01429153, -0.1097352, -0.9938581, 195.8889, 181.9201, 186.717, 186.3007, 179.1761, 172.5798, -9.588181, 2.743927, -14.13725, -0.630715, 0.4669113, -0.6198329, -0.2389542, 0.7278306, -0.642778, 143.0098, 225.4986, 306.5121, 131.4491, 200.3927, 341.8245, -11.56073, 25.10582, 35.31232, -52.87906, -43.57849, 119.7951, -54.85161, -21.2166, 169.2447, -1.972549, -22.36189, 49.44957, 7.096572
 
LOCOMOTION
18, 8, 0.02067664, -0.035773, -0.9991462, 0.0147687, -0.1155878, -0.9931875, 182.0505, 178.8145, 149.9723, 186.6383, 179.1481, 172.7187, 4.587753, -0.3335876, 22.74646, -0.706392, -0.1178105, 0.6979479, -0.9483064, -0.1398367, 0.2848872, 350.419, 314.6555, 260.5315, 333.8559, 286.7212, 261.6116, -16.56314, 27.93433, 1.080139, 168.3685, -135.841, 110.5592, 147.2176, -107.5731, 88.8929, -21.15089, -28.26791, -21.66632, 7.684418
19, 0, -0.02017532, -0.07388645, -0.9970627, 0.02735875, -0.1142147, -0.9930793, 184.2381, 181.1592, 195.2728, 186.5608, 178.4219, 166.5293, 2.322708, 2.737259, -28.74348, -0.3373245, -0.8685479, 0.3630934, -0.002531869, -0.9696185, 0.2446089, 292.6872, 317.107, 201.2251, 284.1588, 359.407, 180.1496, -8.528442, -42.29999, -21.07544, 108.4491, -135.9478, 5.952271, 97.59795, -180.985, 13.62032, -10.85115, 45.03725, 7.668045, 6.27503
20, 4, 0.01250115, -0.08401838, -0.9963858, 0.0372738, -0.1144123, -0.9927338, 184.82, 179.2812, 171.537, 186.5743, 177.8497, 161.9552, 1.754349, 1.431442, -9.581848, -0.9250117, 0.0008304603, 0.3799377, -0.9419651, -0.1377545, 0.3061461, 0.1252358, 292.3298, 270.0515, 335.774, 288.0046, 261.68, 335.6488, 4.325256, -8.37149, -184.6947, -113.0486, 98.51443, 149.1997, -110.1548, 99.72479, 333.8944, -2.893814, 1.210358, 6.585757
21, 2, 0.01513054, -0.07957314, -0.9967144, 0.05027294, -0.1139244, -0.9922166, 184.5646, 179.1303, 169.2339, 186.5499, 177.0995, 156.1889, 1.985352, 2.030838, -13.045, -0.3014624, -0.8785531, 0.3704929, 0.02312009, -0.9698612, 0.2425587, 292.8655, 320.8655, 198.9389, 284.0414, 5.444841, 178.6344, -8.824097, 315.4206, -20.30449, 108.301, -141.7352, 29.70496, 97.49153, 171.6546, 22.44547, -10.80945, -313.3898, -7.259491, 6.04108
22, 1, -0.01832252, 0.03022104, -0.9993754, 0.03376558, -0.1187102, -0.9923547, 178.2679, 181.0503, 328.7722, 186.8216, 178.0512, 164.1223, 8.553665, 2.999115, -164.65, 0.2800255, -0.8186206, -0.5014442, 0.3822313, -0.8928631, -0.2381064, 238.5105, 150.8194, 161.1157, 255.068, 121.9203, 156.8244, 16.55748, 28.89901, -4.291306, 60.24261, 30.23099, -167.6565, 68.24643, 56.13088, -7.297852, 8.003815, -25.89989, 160.3587, 6.56403
23, 2, 0.0369348, -0.007169771, -0.9992919, 0.03857935, -0.1186678, -0.9921842, 180.4111, 177.8833, 100.9856, 186.8203, 177.7733, 161.9905, 6.409241, 0.1099854, 61.00485, -0.04087238, -0.4644779, -0.8846411, -0.1516277, -0.3603768, -0.9204007, 207.7016, 182.6453, 185.0289, 201.3825, 189.3549, 202.8188, -6.319061, -6.709625, 17.78993, 27.2905, -4.762039, 84.04326, 14.56219, -11.58165, 40.82834, -12.7283, 6.819611, -43.21492, 6.808286
24, 6, 0.03162289, -0.02694043, -0.9991369, 0.03963752, -0.1137085, -0.9927232, 181.5445, 178.1872, 130.4286, 186.5343, 177.7135, 160.782, 4.989777, 0.4736786, 30.35341, 0.4193277, 0.5847505, 0.6944287, 0.5757037, 0.7235061, 0.3809255, 40.09938, 31.1255, 35.64451, 62.23323, 56.50861, 38.50974, 22.13384, -25.38312, 2.865231, -141.4451, 147.0617, -94.78409, -124.3011, 121.2049, -122.2723, 17.14407, 25.85679, -27.48818, 6.619795
25, 4, 0.03903948, -0.106488, -0.9935474, 0.034178, -0.1121608, -0.9931021, 186.1176, 177.7498, 159.8666, 186.4437, 178.0289, 163.0528, 0.3260956, -0.2790985, 3.186203, 0.991901, -0.08843466, 0.09116789, 0.9436682, -0.11619, -0.309823, 315.8719, 84.74857, 95.09483, 200.5571, 108.1759, 97.01926, -115.3148, -23.42735, 1.924431, 129.7543, 93.00126, -64.77177, 14.11339, 69.853, -66.03355, -115.6409, 23.14825, -1.261772, 6.808017
26, 6, 0.02816196, -0.09117789, -0.9954364, 0.03301686, -0.11394, -0.9929389, 185.2334, 178.3795, 162.8357, 186.5461, 178.0955, 163.8398, 1.312622, 0.2839508, 1.004044, -0.1326779, -0.1924618, -0.9722938, -0.1344678, -0.3657512, -0.9209477, 191.1967, 187.7705, 214.5813, 201.6603, 188.3071, 200.1859, 10.46359, -0.5365601, -14.39545, 5.963287, -9.391037, 51.74557, 15.11426, -10.21155, 36.34608, 9.15097, 0.8205109, -15.39949, 7.042658
27, 5, 0.1341786, 0.0264012, -0.9906055, 0.02408144, -0.1185512, -0.9926559, 178.4733, 172.2862, 78.86859, 186.8105, 178.6103, 168.5177, 8.337143, -6.324127, 89.64909, -0.513229, 0.7453144, -0.4255613, -0.23148, 0.7158849, -0.6587305, 119.7256, 230.335, 325.4484, 132.6191, 199.3616, 342.0815, 12.8935, 30.97339, 16.63306, -58.74773, -58.04886, 246.5798, -54.19138, -20.75134, 173.5638, 4.556358, -37.29752, -73.01604, 6.363538
28, 0, 0.04559166, -0.1859909, -0.9814932, 0.02613768, -0.1092542, -0.9936702, 190.7302, 177.3405, 166.2267, 186.2745, 178.4932, 166.5456, -4.455719, -1.152771, 0.3188477, 0.5856383, 0.3244247, -0.7428166, 0.4007951, 0.44996, -0.7980597, 156.4067, 141.7477, 61.01496, 150.5849, 153.3336, 41.69257, -5.821793, -11.58598, -19.32239, -34.32347, 35.59279, -105.2118, -35.68954, 25.15958, -124.853, -1.366074, 10.43321, -19.64124, 6.418798
29, 6, -0.03201402, -0.1034017, -0.9941245, 0.02492681, -0.111583, -0.9934424, 185.9381, 181.8445, 197.203, 186.4086, 178.5627, 167.4073, 0.4704437, 3.281784, -29.79565, 0.4249965, 0.4018998, -0.8110824, 0.398962, 0.4434779, -0.8025937, 153.6411, 152.3461, 46.59996, 151.0769, 153.5685, 41.97521, -2.564194, -1.222397, -4.624748, -32.29704, 29.49841, -150.603, -35.33168, 24.99423, -125.4321, -3.034637, 4.504181, 25.1709, 6.140754
30, 8, 0.0211783, -0.1301655, -0.9912663, 0.02185602, -0.1111247, -0.9935661, 187.4808, 178.7761, 170.7588, 186.3817, 178.7398, 168.8731, -1.099152, 0.03622437, -1.885712, 0.5146281, 0.6668471, 0.5389555, 0.5471736, 0.7348138, 0.4008114, 51.05436, 43.67727, 37.65856, 61.38931, 53.77676, 36.67294, 10.33495, -10.09949, -0.9856224, -136.4265, 135.0988, -133.1002, -124.9924, 124.9631, -132.2001, 11.43411, 10.13571, 0.9000854, 6.719325
31, 4, 0.09558391, -0.1451785, -0.9847777, 0.02951501, -0.1122158, -0.9932455, 188.3863, 174.4562, 146.6395, 186.4459, 178.2979, 165.2638, -1.940414, -3.841766, 18.62428, -0.2020195, -0.3044242, -0.9308674, -0.1415156, -0.3613425, -0.9216317, 198.1095, 192.2446, 213.5687, 201.4086, 188.7295, 201.3872, 3.299118, 3.515091, -12.18152, 9.72316, -17.78845, 66.92918, 14.96269, -10.43159, 36.12338, 5.239532, -7.356857, -30.8058, 6.552787
32, 3, 0.05189336, 0.008293401, -0.9986182, 0.02337817, -0.1202282, -0.992471, 179.5242, 177.0253, 80.91999, 186.9072, 178.6506, 168.9962, 7.382996, -1.62532, 88.07626, 0.3526333, 0.1871983, -0.9168462, 0.1876275, 0.01981884, -0.9820403, 168.4602, 158.9625, 62.03803, 178.8439, 169.1835, 83.97028, 10.38368, -10.22101, 21.93225, -11.064, 18.06282, -18.88196, -8.063309, 9.467133, -85.02596, 3.000687, 8.595688, -66.144, 6.685675
33, 8, 0.06658223, -0.03553179, -0.9971482, 0.05421911, -0.1162758, -0.991736, 182.0408, 176.1799, 118.0867, 186.6871, 176.8707, 155.0005, 4.646317, -0.6908112, 36.91376, -0.2325848, -0.4686758, -0.8522016, -0.1106769, -0.3535267, -0.9288539, 208.809, 195.2655, 206.3933, 200.8371, 186.795, 197.3835, -7.971893, 8.47052, -9.009827, 26.76819, -19.08563, 88.30661, 14.14998, -9.924301, 42.38303, -12.61821, -9.161331, -45.92358, 6.484976
34, 7, 0.03244989, -0.0757563, -0.9965982, 0.02443558, -0.1153581, -0.9930234, 184.347, 178.1351, 156.8123, 186.6263, 178.5904, 168.0402, 2.279297, -0.455307, 11.22784, -0.8283443, -0.1943568, 0.5254247, -0.9438911, -0.1243117, 0.3059675, 339.7003, 302.3873, 256.7954, 337.8885, 287.9604, 262.4973, -1.811798, 14.42688, 5.701874, 155.3534, -124.2522, 99.98305, 151.2623, -109.37, 94.45708, -4.091095, -14.88219, -5.52597, 6.696591
35, 6, 0.01256837, -0.04162482, -0.9990544, 0.02512288, -0.1145081, -0.9931046, 182.3858, 179.2793, 163.1986, 186.5773, 178.5509, 167.6255, 4.191544, 0.728363, 4.426865, -0.2947361, -0.9188408, 0.2624161, 0.06435439, -0.9611489, 0.2684239, 285.9391, 311.68, 197.7847, 285.6037, 13.48214, 176.1694, -0.3353882, 298.1979, -21.6152, 103.5533, -132.4008, 34.58604, 99.02632, 165.0687, 8.543976, -4.526932, -297.4695, -26.04207, 6.453724
 
IMAGINATION
18, 4, 0.007619238, 0.07594435, -0.9970831, 0.03483031, -0.118248, -0.992373, 175.6444, 179.5622, 5.72912, 186.7952, 177.9899, 163.5875, 11.15076, 1.572327, 157.8584, -0.1569567, -0.6693081, 0.7262172, -0.1533353, -0.316464, -0.9361297, 317.3352, 347.8043, 193.1977, 198.6781, 189.3023, 205.8514, -118.6571, 158.502, 12.65372, 141.6908, -168.2421, 187.4686, 11.88297, -11.31242, 42.26395, -129.8078, -156.9297, -145.2047, 8.840351
19, 6, -0.028502, -0.08473035, -0.9959964, 0.01399365, -0.1137719, -0.9934083, 184.8625, 181.6392, 198.5921, 186.5334, 179.1929, 172.988, 1.670929, 2.446213, -25.60416, 0.3920428, 0.9198197, -0.01531446, 0.5952845, 0.7164223, 0.3638346, 90.95385, 92.23702, 23.08453, 63.07629, 58.56695, 39.72363, -27.87756, 33.67007, 16.6391, -93.90865, 89.40214, -175.5076, -123.4571, 120.626, -133.2644, -29.54848, -31.22385, 42.24326, 8.706793
20, 8, 0.01856959, -0.106847, -0.9941022, 0.03706551, -0.1137183, -0.9928214, 186.1346, 178.9299, 170.1407, 186.5342, 177.8619, 161.9471, 0.3995667, 1.067917, -8.193634, 0.3221969, 0.2380772, 0.916247, 0.5534533, 0.7515046, 0.3590687, 14.5656, 19.37415, 53.53863, 64.46154, 57.02536, 36.37017, 49.89594, -37.65121, -17.16846, -171.569, 159.5557, -116.6021, -122.0727, 120.8366, -125.5769, 49.49638, 38.71913, -8.974831, 7.295726
21, 3, 0.05163733, -0.07360159, -0.9959501, 0.02538172, -0.1142387, -0.9931291, 184.2265, 177.032, 144.9473, 186.5618, 178.536, 167.4734, 2.335312, -1.503967, 22.52611, 0.2269841, 0.9584194, 0.1729466, 0.6161147, 0.7314249, 0.2922675, 79.77106, 52.69504, 13.32397, 68.21902, 64.62166, 40.10906, -11.55205, -11.92662, 26.7851, -104.4555, 124.337, -131.6234, -118.3428, 113.9143, -127.3644, -13.88736, 10.42265, 4.258995, 8.62877
22, 7, 0.04227056, -0.1959129, -0.9797099, 0.02976418, -0.108885, -0.9936087, 191.3083, 177.5294, 167.8244, 186.2538, 178.2842, 164.7114, -5.054474, -0.7547302, -3.112961, 0.828923, -0.4733195, 0.2980861, 0.9434252, -0.07931749, -0.321959, 302.2018, 70.22108, 119.7266, 193.8397, 108.843, 94.80578, -108.3621, -38.62195, -24.92081, 110.8935, 107.3084, -48.09781, 7.585907, 69.44115, -69.90566, -103.3076, 37.86722, -21.80785, 6.818448
23, 2, -0.02322334, -0.08990046, -0.9956799, 0.008540658, -0.1141643, -0.9934252, 185.1593, 181.3361, 194.4842, 186.5557, 179.5074, 175.7217, 1.396393, 1.82869, -18.76251, 0.4328533, -0.8912257, 0.1354799, 0.2821291, -0.9024961, -0.3254289, 278.6436, 72.62026, 154.0949, 250.1713, 139.0765, 162.6402, -28.47232, -66.45623, 8.545303, 93.48438, 108.7159, -40.38924, 63.61566, 40.43094, -13.08142, -29.86871, 68.28492, 27.30782, 9.940174
24, 8, -0.01581903, 0.007400056, -0.9998475, 0.0211389, -0.1181756, -0.9927677, 179.5759, 180.9064, 295.0699, 186.7883, 178.7802, 169.8584, 7.212402, 2.126236, -125.2116, -0.263632, -0.3232651, 0.9088442, -0.9924724, -0.08887803, 0.08425765, 340.4201, 343.8239, 219.1982, 313.4713, 274.8526, 264.8827, -26.94879, 68.97134, 45.68446, 160.8442, -162.9175, -75.87172, 126.683, -96.0724, 95.02434, -34.16119, -66.84511, 170.8961, 8.029559
25, 1, -0.01165009, -0.08160132, -0.996597, 0.01109485, -0.1136952, -0.9934537, 184.6809, 180.6698, 188.1251, 186.5288, 179.3602, 174.4265, 1.847855, 1.309601, -13.69864, 0.5435928, -0.3600197, 0.7582168, 0.5363843, 0.793189, 0.2883455, 334.6005, 35.63809, 123.5164, 70.02244, 61.73875, 34.06804, -264.5781, -26.10066, -89.44833, 149.9196, 145.0317, -64.60874, -116.5063, 117.6214, -140.3584, -266.4259, 27.41026, -75.7497, 7.774456
26, 5, -0.02561967, -0.02654189, -0.9993196, -0.01315847, -0.1139735, -0.9933966, 181.5214, 181.4686, 223.9871, 186.545, 180.7589, 186.5858, 5.023575, 0.7096863, -37.40135, -0.590363, -0.803358, -0.07802331, 0.3795801, -0.8637564, -0.3314269, 264.4528, 262.4713, 216.311, 249.008, 131.1255, 156.2768, -15.44478, 131.3458, -60.03424, 82.93134, -81.00273, -7.676086, 62.46298, 49.63336, -30.30898, -20.46835, -130.6361, -22.63289, 7.161724
27, 7, -0.01113899, -0.1303626, -0.9914039, 0.008401011, -0.1065113, -0.994276, 187.491, 180.6437, 184.8838, 186.1145, 179.5159, 175.4902, -1.376541, 1.127823, -9.393661, -0.6803601, -0.296777, -0.6700998, 0.2186736, 0.03127919, -0.9752966, 203.8878, 225.4353, 246.4329, 178.1631, 167.3626, 81.8596, -25.72475, 58.07272, -164.5733, 16.39682, -44.79158, 61.54906, -7.951385, 12.15332, -93.63058, -24.34821, -56.9449, -155.1796, 6.353136
28, 3, 0.04388639, -0.05415083, -0.997568, 0.009637598, -0.1115516, -0.9937118, 183.1071, 177.481, 140.9771, 186.4051, 179.4443, 175.0621, 3.297928, -1.963348, 34.08508, 0.5695367, 0.8215277, -0.02683592, 0.3890834, 0.431329, -0.8139836, 91.87095, 92.69772, 34.73223, 152.0809, 154.4522, 42.05227, 60.20998, -61.75452, 7.320034, -91.23618, 84.78327, -106.2448, -34.32413, 24.9921, -133.0099, 56.91206, 59.79118, -26.76505, 9.096878
29, 0, 0.04980072, -0.03692701, -0.9980763, 0.005152963, -0.1078455, -0.9941543, 182.1189, 177.1435, 126.5568, 186.1912, 179.703, 177.2644, 4.072357, -2.55954, 50.70766, -0.207892, -0.869123, 0.448783, -0.07707923, -0.9799042, 0.1839747, 297.3102, 335.1448, 193.4522, 280.6334, 337.2679, 184.4976, -16.67679, -2.123169, -8.95462, 115.1913, -158.0013, 66.89547, 94.44214, -157.5649, 7.233185, -20.74915, -0.4363708, -59.66228, 8.419828
30, 7, 0.05573224, -0.06387473, -0.9964007, 0.001711755, -0.110656, -0.9938573, 183.668, 176.7986, 138.8945, 186.3531, 179.9013, 179.1138, 2.685181, -3.102753, 40.21924, 0.07652882, -0.1958277, 0.9776476, -0.9957314, -0.09105429, 0.01510707, 348.6733, 4.475903, 158.6546, 279.4203, 270.8692, 264.7751, -69.25299, -266.3933, 106.1205, 165.0053, 172.3227, 19.76009, 93.06715, -90.96788, 85.66139, -71.93817, 263.2905, 65.90131, 7.275394
31, 5, -0.07510184, -0.06551684, -0.9950214, -0.01209917, -0.1097634, -0.9938841, 183.7672, 184.3164, 228.8994, 186.3021, 180.6975, 186.2903, 2.534958, 3.618896, -42.60912, -0.7928421, 0.4273604, 0.4344704, -0.2555821, 0.7045466, -0.6620361, 44.52732, 298.7224, 298.3257, 133.2183, 201.1093, 340.0612, 88.69093, 97.61304, 41.7355, -139.2399, -114.406, 69.42627, -53.08388, -20.41185, 153.7709, 86.15598, -93.99414, 84.34462, 6.430516
32, 4, -0.05039261, 0.00614108, -0.9987106, -0.002531343, -0.1092159, -0.9940148, 179.6477, 182.8886, 276.9481, 186.2701, 180.1459, 181.3277, 6.622437, 2.742661, -95.62033, -0.7175527, -0.3819429, -0.5824412, 0.9578108, -0.09051735, -0.2727729, 213.2554, 230.9336, 241.9743, 198.358, 105.8963, 95.39867, -14.89737, 125.0373, -146.5756, 33.60767, -48.04503, -34.97379, 12.08786, 74.24959, -85.92905, -21.51981, -122.2946, -50.95527, 6.131235
33, 2, -0.003739179, -0.07634956, -0.9970742, -0.01833038, -0.1102918, -0.9937302, 184.3788, 180.2149, 182.8038, 186.3332, 181.0568, 189.4362, 1.954407, -0.8418884, 6.632446, 0.951615, -0.2573507, -0.1679277, -0.178289, -0.3416149, -0.9227742, 236.8746, 100.0077, 105.1329, 200.3148, 190.9354, 207.5601, -36.55981, -90.92764, 102.4272, 52.49577, 80.20715, -77.67094, 13.98155, -9.878601, 18.12384, -38.51422, 90.08575, 95.79478, 7.185641
34, 6, 0.02298706, -0.08901233, -0.9957652, -0.0109887, -0.1107224, -0.9937906, 185.1081, 178.6776, 165.52, 186.3573, 180.6335, 185.6678, 1.249207, -1.955933, 20.14783, -0.8672605, -0.376821, 0.3253692, -0.125423, -0.9710485, 0.2033074, 310.8092, 290.5645, 246.5153, 281.8251, 328.329, 187.3597, -28.9841, -37.7645, -59.15555, 125.7011, -111.887, 80.9953, 95.46779, -147.6955, 1.691925, -30.23331, 35.80856, -79.30338, 9.950775
35, 0, 0.01408954, -0.1784325, -0.9838514, -0.002675312, -0.1050466, -0.9944637, 190.2795, 179.1795, 175.4851, 186.0299, 180.1541, 181.4589, -4.249619, -0.9745941, 5.973755, 0.8873518, 0.2508701, -0.3868736, 0.3622243, 0.4415435, -0.8208732, 147.0384, 113.5566, 74.21346, 151.7244, 156.1897, 39.36406, 4.685989, -42.63316, -34.84941, -43.24107, 65.62297, -101.2717, -34.30547, 23.9644, -142.0948, 8.935608, 41.65857, -40.82316, 7.508109
