SubjectID, Experiment, Height, Gender, Age, RandomOrderId, TrialArray
08BF, flat, 68", male, 20, 4, [4,8,1,5,7,0,3,2,6,7,5,8,1,4,6,2,3,0,4,3,0,8,5,6,7,1,2]
Trial, ObjectId, RealStartVectorX, RealStartVectorY, RealStartVectorZ, PerfectStartVectorX, PerfectStartVectorY, PerfectStartVectorZ, RealStartAngleX, RealStartAngleY, RealStartAngleZ, PerfectStartAngleX, PerfectStartAngleY, PerfectStartAngleZ, StartErrorX, StartErrorY, StartErrorZ, RealEndVectorX, RealEndVectorY, RealEndVectorZ, PerfectEndVectorX, PerfectEndVectorY, PerfectEndVectorZ, RealEndAngleX, RealEndAngleY, RealEndAngleZ, PerfectEndAngleX, PerfectEndAngleY, PerfectEndAngle, EndErrorX, EndErrorY, EndErrorZ, RealChangeX, RealChangeY, RealChangeZ, PerfectChangeX, PerfectChangeY, PerfectChangeZ, ChangeErrorX, ChangeErrorY, ChangeErrorZ, ElapsedTime
0, 4, 0.001977779, -0.1471891, -0.9891065, 0.03388252, -0.1592774, -0.9866522, 188.4641, 179.8854, 179.2302, 189.1703, 178.0332, 167.9907, 0.706192, 1.852249, -11.23947, 0.823956, -0.05608575, -0.5638714, 0.8221201, 0.163608, -0.5452989, 185.6803, 124.3857, 93.89405, 163.299, 123.5557, 78.74477, -22.38127, 0.8299942, -15.14928, -2.783798, 55.49978, -85.33611, -25.87126, 54.47752, -89.24593, -23.08746, 1.022255, -3.909813, 5.908049
1, 8, 0.03692731, -0.1184009, -0.9922792, 0.007302267, -0.1582316, -0.987375, 186.8045, 177.8687, 162.6782, 189.1045, 179.5763, 177.3577, 2.300018, -1.707535, 14.67957, 0.2040667, 0.07779788, -0.9758609, 0.2107184, 0.01193832, -0.9774739, 175.4419, 168.1888, 69.13128, 179.3002, 167.8347, 86.75735, 3.858353, 0.3541718, 17.62608, -11.36259, 9.679916, -93.54688, -9.80426, 11.74162, -90.60037, 1.558334, -2.061707, 2.94651, 3.608186
2, 1, -0.01127803, -0.2117735, -0.9772539, 0.01288904, -0.1540179, -0.987984, 192.2271, 180.6612, 183.0484, 188.8606, 179.2526, 175.2163, -3.366501, 1.408615, -7.832077, -0.7817618, 0.1062588, -0.6144572, -0.3796422, 0.1352432, -0.9151946, 170.1888, 231.833, 277.7403, 171.5939, 202.5297, 289.6078, 1.405136, 29.3033, 11.86752, -22.03827, -51.17181, 94.69191, -17.26663, -23.27713, 114.3915, 4.771637, -27.89468, 19.6996, 3.22845
3, 5, -0.003850577, -0.1511542, -0.9885028, 0.03002984, -0.1594466, -0.9867497, 188.6939, 180.2232, 181.4593, 189.179, 178.2569, 169.334, 0.4850769, 1.966339, -12.12527, -0.01492497, -0.3287288, 0.9443064, -0.2001862, -0.5703312, 0.7966478, 340.8062, 359.0945, 182.5996, 324.4006, 345.8944, 199.3411, -16.40555, 13.20007, 16.7415, 152.1123, -178.8713, 1.140305, 135.2216, -167.6376, 30.00708, -16.89063, -11.23373, 28.86678, 3.777467
4, 7, 0.02391649, -0.1137415, -0.9932226, 0.02437912, -0.1692469, -0.9852721, 186.5329, 178.6206, 168.1254, 189.747, 178.5826, 171.8032, 3.21405, 0.03800964, 3.677856, 0.4999487, -0.02638633, -0.8656532, 0.4568682, -0.0007643063, -0.8895341, 181.7459, 149.9919, 93.02116, 180.0492, 152.8148, 90.09585, -1.696686, -2.822906, -2.925316, -4.787003, 28.62872, -75.10422, -9.697739, 25.76781, -81.70739, -4.910736, 2.860916, -6.603172, 2.998808
5, 0, -0.004746579, -0.1935466, -0.9810798, 0.01766938, -0.1541213, -0.9878939, 191.1599, 180.2772, 181.4048, 188.8672, 178.9753, 173.4598, -2.292709, 1.30188, -7.945023, -0.4310032, -0.1987692, -0.880186, -0.1660842, -0.1815947, -0.9692468, 192.7254, 206.0897, 245.2419, 190.6117, 189.7234, 222.4456, -2.113739, 16.36632, -22.79623, 1.565506, -25.81253, 63.83704, 1.744476, -10.74809, 48.98582, 0.1789703, -15.06444, -14.85121, 2.675988
6, 3, 0.004332078, -0.1643631, -0.9863905, 0.02371104, -0.1548696, -0.9876503, 189.4603, 179.7484, 178.4902, 188.9117, 178.6247, 171.2954, -0.548584, 1.123627, -7.194794, 0.9600731, 0.02680804, -0.2784621, 0.9818282, -0.1437356, -0.123909, 174.501, 106.1744, 88.40055, 229.2366, 97.19283, 98.3287, 54.73564, 8.981575, 9.928154, -14.95935, 73.57396, -90.08967, 40.32487, 81.43191, -72.96672, 55.28423, -7.857948, 17.12295, 3.132013
7, 2, 0.08012757, -0.2210733, -0.9719601, 0.01669482, -0.1510796, -0.9883806, 192.814, 175.2872, 160.0771, 188.6907, 179.0323, 173.6942, -4.12326, -3.745056, 13.61714, -0.8575194, -0.04415444, 0.5125533, -0.8998456, -0.04987128, 0.4333483, 355.0764, 300.8674, 267.0524, 353.4351, 295.7146, 266.8278, -1.641266, 5.152863, -0.2246094, 162.2624, -125.5802, 106.9753, 164.7444, -116.6823, 93.13359, 2.481995, -8.897919, -13.84175, 3.077101
8, 6, 0.01879612, -0.1510734, -0.9883439, 0.03490465, -0.1569972, -0.986982, 188.6907, 178.9105, 172.9079, 189.0382, 177.9746, 167.4655, 0.3475189, 0.9359131, -5.442368, 0.7806092, -0.01861609, 0.6247422, 0.7390969, -0.2783711, 0.6133884, 358.2932, 51.32878, 91.36614, 335.5902, 50.31017, 110.6382, -22.70297, 1.018612, 19.27209, 169.6025, 127.5817, -81.54173, 146.552, 127.6644, -56.82727, -23.05049, -0.08269501, 24.71445, 5.218173
9, 7, 0.02546468, -0.1450473, -0.9890969, 0.00593482, -0.1561065, -0.9877223, 188.3427, 178.5252, 170.0426, 188.9811, 179.6557, 177.8228, 0.638382, -1.130493, 7.780228, 0.4969169, -0.01132705, -0.8677244, 0.4355209, -0.001837194, -0.9001768, 180.7479, 150.2017, 91.30581, 180.1169, 154.1815, 90.2417, -0.6309357, -3.979843, -1.06411, -7.594864, 28.32358, -78.73675, -8.864182, 25.47423, -87.58109, -1.269318, 2.84935, -8.844337, 2.856386
10, 5, -0.01086233, -0.2335489, -0.9722846, -0.01443247, -0.1543085, -0.9879173, 193.5069, 180.6401, 182.6629, 188.8776, 180.837, 185.3433, -4.629288, -0.1968994, 2.680435, 0.0529492, -0.2423919, 0.9687324, -0.2937738, -0.5720922, 0.7657725, 345.9521, 3.128573, 167.6776, 323.2374, 339.0117, 207.1808, -22.71478, -335.8831, 39.50323, 152.4452, 177.5115, -14.98528, 134.3597, -158.1747, 21.83752, -18.08549, 335.6862, 36.8228, 3.797433
11, 8, -0.02311301, -0.1685825, -0.9854167, 0.02066745, -0.1563052, -0.9874926, 189.708, 181.3436, 187.8067, 188.9944, 178.801, 172.4678, -0.7135925, 2.542603, -15.33894, 0.2706707, 0.05933267, -0.960842, 0.2193981, 0.0120785, -0.9755607, 176.4664, 164.2674, 77.63597, 179.2906, 167.3254, 86.84888, 2.824219, -3.057983, 9.212914, -13.24159, 17.07623, -110.1707, -9.703781, 11.47565, -85.61887, 3.537811, 5.600586, 24.55186, 2.917825
12, 1, -0.02905859, -0.2568346, -0.9660184, 0.03008101, -0.1517757, -0.9879571, 194.8887, 181.723, 186.4551, 188.7338, 178.256, 168.7896, -6.154922, 3.466965, -17.66547, -0.7556223, -0.01421499, -0.6548534, -0.3669299, 0.1416383, -0.9194025, 181.2435, 229.0864, 268.9223, 171.2422, 201.7567, 291.1071, -10.00137, 27.3297, 22.18478, -13.64522, -47.36346, 82.46721, -17.49167, -23.50073, 122.3175, -3.846451, -23.86273, 39.85025, 2.875386
13, 4, 0.002165284, -0.1904665, -0.9816914, 0.03970933, -0.1576542, -0.9866956, 190.98, 179.8736, 179.3487, 189.078, 177.6954, 165.8626, -1.902039, 2.178238, -13.48602, 0.8390932, 0.0310453, -0.5431014, 0.8169321, 0.1515844, -0.5564567, 176.7284, 122.9129, 87.8811, 164.7618, 124.2609, 79.48814, -11.96657, -1.348007, -8.392967, -14.25166, 56.96074, -91.46756, -24.31619, 53.43449, -86.3745, -10.06453, 3.526245, 5.093056, 3.44177
14, 6, 0.02576608, -0.1796028, -0.9834018, 0.03282545, -0.1530568, -0.987672, 190.3501, 178.4991, 171.836, 188.8089, 178.0965, 167.8954, -1.541199, 0.4026642, -3.940582, 0.5456407, 0.01280114, 0.8379214, 0.7425137, -0.2696137, 0.6131737, 0.875254, 33.07152, 88.65604, 336.2648, 50.44984, 109.9564, 335.3896, -17.37832, 21.30039, -189.4748, 145.4276, -83.17992, 147.4559, 127.6466, -57.93895, 336.9307, 17.78098, 25.24097, 3.919453
15, 2, -0.003282428, -0.1517937, -0.9884068, -0.01118238, -0.1555496, -0.9877648, 188.7309, 180.1903, 181.2388, 188.9492, 180.6486, 184.1119, 0.2182922, -0.4583588, 2.873108, -0.7926604, -0.07032049, 0.6055944, -0.9026511, -0.04573791, 0.4279358, 353.3766, 307.3799, 264.9303, 353.8994, 295.3651, 267.0993, 0.5227966, 12.01486, 2.168976, 164.6456, -127.1897, 83.69151, 164.9501, -114.7164, 82.98738, 0.3045044, -12.47322, -0.7041321, 3.229252
16, 3, -0.02464959, -0.1958045, -0.9803332, 0.02558762, -0.1570525, -0.9872587, 191.2952, 181.4403, 187.1751, 189.0388, 178.5154, 170.7465, -2.256363, 2.924988, -16.42868, 0.9993001, -0.02023665, -0.03146436, 0.9808183, -0.1437372, -0.1316631, 212.7475, 91.80344, 91.16013, 227.5104, 97.64557, 98.33726, 14.76282, -5.842133, 7.177124, 21.45235, 89.6369, -96.01501, 38.47153, 80.86978, -72.4092, 17.01918, 8.76712, 23.6058, 3.619842
17, 0, -0.00566362, -0.207856, -0.9781432, 0.002648503, -0.1524076, -0.9883142, 191.9969, 180.3317, 181.5608, 188.7665, 179.8465, 179.0044, -3.230438, 0.4852753, -2.556381, -0.5626959, -0.1739122, -0.8081633, -0.1663843, -0.184747, -0.9685994, 192.1445, 214.8481, 252.8252, 190.7987, 189.747, 222.0064, -1.34584, 25.1011, -30.81879, 0.147583, -34.5164, 71.26439, 2.032181, -9.900574, 43.00198, 1.884598, -24.61583, -28.26241, 2.942059
18, 4, -0.01957534, -0.1950907, -0.98059, 0.01210984, -0.1574735, -0.9874489, 191.2522, 181.1436, 185.7299, 189.0609, 179.2974, 175.6026, -2.191269, 1.846252, -10.12729, 0.8749214, 0.07101636, -0.4790297, 0.8128314, 0.155615, -0.5613281, 171.5673, 118.7012, 85.35954, 164.5052, 124.6283, 79.16198, -7.062088, -5.927116, -6.197556, -19.68491, 62.44241, -100.3703, -24.55573, 54.66904, -96.44059, -4.870819, 7.773369, 3.929733, 3.154338
19, 3, -0.02896973, -0.2029446, -0.9787617, 0.02126692, -0.1535964, -0.9879048, 191.7142, 181.6954, 188.1239, 188.8374, 178.7668, 172.117, -2.87677, 2.928604, -16.00696, 0.9920211, -0.06001172, 0.1108726, 0.9786902, -0.1462096, -0.1441811, 331.5748, 83.62284, 93.46186, 225.4002, 98.38056, 98.49676, -106.1745, -14.75772, 5.034897, 139.8606, 98.07253, -94.66206, 36.56281, 80.38621, -73.6202, -103.2978, 17.68633, 21.04185, 3.285923
20, 0, 0.001157018, -0.1929842, -0.9812013, -0.004232358, -0.1521299, -0.9883515, 191.127, 179.9324, 179.6565, 188.7504, 180.2453, 181.5936, -2.376541, -0.3128967, 1.937103, -0.4444097, -0.2167846, -0.8691978, -0.171043, -0.182326, -0.9682466, 194.0043, 207.0801, 243.9967, 190.6642, 190.0181, 223.1712, -3.340088, 17.062, -20.82555, 2.877319, -27.14763, 64.34023, 1.913773, -9.772736, 41.57758, -0.9635468, -17.37489, -22.76265, 2.764924
21, 8, -0.01317266, -0.2040376, -0.9788746, 0.01452601, -0.1561905, -0.9876202, 191.7742, 180.771, 183.6939, 188.9868, 179.1573, 174.6867, -2.787399, 1.613617, -9.007217, 0.2934691, 0.1320214, -0.9468085, 0.213682, 0.01218833, -0.9768272, 172.062, 162.7789, 65.7787, 179.2851, 167.6609, 86.73541, 7.22316, -4.882004, 20.95671, -19.71223, 17.99211, -117.9152, -9.701675, 11.49649, -87.95125, 10.01056, 6.495621, 29.96393, 2.576438
22, 5, -0.01345276, -0.2255893, -0.9741298, 0.01445295, -0.1547581, -0.9878467, 193.0387, 180.7912, 183.4127, 188.9037, 179.1618, 174.6646, -4.135025, 1.629425, -8.748123, -0.1295069, -0.2645817, 0.9556278, -0.2683624, -0.5784557, 0.7703055, 344.5244, 352.2823, 206.0807, 323.0955, 340.7924, 204.8879, -21.42883, 11.48984, -1.192795, 151.4856, -171.4911, 22.66801, 134.1918, -161.6307, 30.22334, -17.29381, -9.860413, 7.555328, 3.130753
23, 6, -0.02119117, -0.2201411, -0.9752379, 0.0277943, -0.161573, -0.9864693, 192.7202, 181.2448, 185.4984, 189.3018, 178.3861, 170.2393, -3.418396, 2.858704, -15.25912, 0.7885669, -0.08615974, 0.6088831, 0.7729977, -0.2745178, 0.5719394, 351.9459, 52.32687, 96.23547, 334.3601, 53.50234, 109.5517, -17.58578, -1.175465, 13.31622, 159.2256, 128.9179, -89.26298, 145.0582, 124.8838, -60.68764, -14.16739, 4.034164, 28.57534, 2.931923
24, 7, -0.0437598, -0.2119374, -0.9763032, -0.01127647, -0.1542428, -0.9879687, 192.2478, 182.5664, 191.6662, 188.8734, 180.6539, 184.1814, -3.374374, 1.912445, -7.484848, 0.4542215, -0.03837017, -0.8900622, 0.4404543, 0.000791003, -0.8977746, 182.4685, 152.9636, 94.82858, 179.9495, 153.8671, 89.89711, -2.518936, -0.9034882, -4.931465, -9.779358, 29.60275, -96.83764, -8.92392, 26.78682, -94.28426, 0.8554382, 2.815933, 2.553383, 2.79878
25, 1, -0.03618564, -0.2337452, -0.9716244, 0.006171679, -0.1510482, -0.9885072, 193.5267, 182.1328, 188.8, 188.6879, 179.6423, 177.6603, -4.838837, 2.490555, -11.13972, -0.7867095, 0.01937502, -0.6170197, -0.3924001, 0.1459763, -0.9081371, 178.2015, 231.8927, 271.4108, 170.8683, 203.3689, 290.4056, -7.333206, 28.5239, 18.99484, -15.32523, -49.7599, 82.61081, -17.8196, -23.72656, 112.7454, -2.49437, -26.03334, 30.13457, 2.719743
26, 2, -0.003882532, -0.2064745, -0.9784443, 0.02149952, -0.1557326, -0.9875653, 191.9159, 180.2274, 181.0773, 188.9614, 178.7529, 172.1398, -2.954544, 1.474503, -8.937485, -0.8538561, -0.1115958, 0.5084055, -0.8921504, -0.03963452, 0.4499964, 347.6198, 300.7705, 262.5539, 354.9665, 296.7661, 267.4562, 7.34671, 4.004395, 4.902374, 155.7039, -120.5432, 81.47661, 166.0052, -118.0133, 95.31647, 10.30125, -2.529892, 13.83986, 3.509556
