SubjectID, Experiment, Height, Gender, Age, LocomotionRandomOrderId, TrialArray
01KC, locima, 70", male, 26, 2, [see code]Trial, ObjectId, RealStartVectorX, RealStartVectorY, RealStartVectorZ, PerfectStartVectorX, PerfectStartVectorY, PerfectStartVectorZ, RealStartAngleX, RealStartAngleY, RealStartAngleZ, PerfectStartAngleX, PerfectStartAngleY, PerfectStartAngleZ, StartErrorX, StartErrorY, StartErrorZ, RealEndVectorX, RealEndVectorY, RealEndVectorZ, PerfectEndVectorX, PerfectEndVectorY, PerfectEndVectorZ, RealEndAngleX, RealEndAngleY, RealEndAngleZ, PerfectEndAngleX, PerfectEndAngleY, PerfectEndAngle, EndErrorX, EndErrorY, EndErrorZ, RealChangeX, RealChangeY, RealChangeZ, PerfectChangeX, PerfectChangeY, PerfectChangeZ, ChangeErrorX, ChangeErrorY, ChangeErrorZ, ElapsedTime
 
LOCOMOTION
0, 2, -0.03400806, -0.1115861, -0.9931728, 0.004940279, -0.09155198, -0.995788, 186.4105, 181.9612, 196.9496, 185.253, 179.7157, 176.9112, -1.157516, 2.245407, -20.03841, -0.01363977, 0.2743516, -0.9615329, -0.3061074, 0.7572839, -0.576905, 164.0751, 180.8127, 357.1538, 127.3004, 207.9505, 337.9906, -36.77467, -27.13785, -19.16324, -22.33537, 1.148453, 160.2042, -57.95252, -28.2348, 161.0793, -35.61715, 29.38326, 0.8751678, 13.75986
1, 3, 0.02402251, -0.0001926216, -0.9997115, 0.04278715, -0.09825943, -0.9942406, 180.011, 178.6235, 90.45941, 185.6441, 177.5358, 156.4692, 5.633087, 1.087677, 66.00983, 0.09059999, -0.1514724, 0.9843006, 0.9838424, -0.06680385, -0.1661061, 351.2515, 5.258974, 149.1151, 201.9088, 99.5831, 93.88448, -149.3427, -94.32413, -55.23067, 171.2404, 173.3645, 58.65573, 16.26466, 77.9527, -62.58476, -154.9758, 95.4118, -121.2405, 5.696496
2, 8, 0.02248007, 0.0219444, -0.9995064, 0.07868472, -0.08761694, -0.9930418, 178.7423, 178.7116, 45.69085, 185.0422, 175.4696, 138.0745, 6.299942, 3.242004, 92.38361, 0.2957643, -0.912516, -0.2825563, 0.3191935, -0.9215963, -0.2208526, 252.7951, 133.6917, 162.0415, 256.5237, 124.6797, 160.8966, 3.728577, 9.012016, -1.144913, 74.05284, 45.0199, 116.3506, 71.48148, 50.78991, 22.8221, -2.571365, -5.770012, -93.52853, 5.086006
3, 5, 0.01762097, 0.1199164, -0.9926278, 0.02440383, -0.08393055, -0.9961727, 173.1116, 178.983, 8.359433, 184.816, 178.5967, 163.7876, 11.70432, 0.386322, 155.4281, -0.07730305, -0.09747791, 0.992231, -0.8967152, -0.05085364, 0.4396769, 354.3892, 355.5452, 218.4155, 353.4024, 296.1196, 266.7542, -0.9867859, 59.42557, 48.33867, 181.2775, -176.5622, 210.0561, 168.5864, -117.5229, 102.9666, -12.6911, -59.03925, -107.0895, 5.519361
4, 1, -0.006122039, -0.0580758, -0.9982936, 0.047252, -0.07409123, -0.9961314, 183.3294, 180.3514, 186.0176, 184.2538, 177.2842, 147.4721, 0.9243317, 3.067184, -38.54544, 0.0928046, 0.1697802, -0.9811026, 0.2156436, 0.03957234, -0.9756699, 170.1822, 174.5963, 28.66174, 177.6774, 167.5368, 79.60146, 7.495209, 7.05954, 50.93972, -13.14725, 5.75502, -157.3558, -6.57637, 9.747375, -67.87068, 6.570877, -3.992355, 89.48515, 5.508109
5, 7, -0.07465383, -0.1453533, -0.9865594, 0.02079323, -0.07472872, -0.996987, 188.3813, 184.3274, 207.1852, 184.2866, 178.8052, 164.4508, -4.094727, 5.522141, -42.73434, -0.1703378, 0.6207535, -0.765278, -0.3034515, 0.7120849, -0.6331289, 140.9528, 192.5485, 344.6555, 131.6409, 205.6079, 336.9189, -9.311905, -13.05939, -7.736511, -47.42845, -8.22113, 137.4703, -52.64563, -26.80266, 172.4681, -5.217178, 18.58153, 34.99783, 10.42813
6, 4, -0.03421578, -0.252671, -0.9669471, -0.02755137, -0.06515835, -0.9974945, 194.6444, 182.0266, 187.7119, 183.7374, 181.5821, 202.9204, -10.90703, 0.4444427, 15.20857, 0.3435381, -0.6658384, -0.6622996, 0.3459593, 0.5154185, -0.784, 225.1527, 152.584, 152.7086, 146.6782, 156.1893, 33.87031, -78.47444, -3.605331, -118.8383, 30.50827, 29.44257, -35.00325, -37.05914, 25.39279, -169.0501, -67.56741, 4.049774, -134.0469, 9.051171
7, 6, -0.1449324, 0.1592378, -0.976544, -0.08734133, -0.08719228, -0.9923552, 170.7387, 188.4418, 317.6927, 185.0213, 185.0299, 225.0489, 14.28264, 3.411972, -92.64375, 0.9462628, 0.1342672, -0.2942095, 0.3702809, 0.49564, -0.7856418, 155.4697, 107.2714, 81.92409, 147.7533, 154.765, 36.76254, -7.716354, -47.49366, -45.16155, -15.26906, 81.17048, -235.7686, -37.26805, 30.26485, -188.2864, -21.99899, 50.90563, 47.48221, 6.896352
8, 1, -0.110284, 0.2243896, -0.9682391, -0.07214683, -0.08682442, -0.9936078, 166.952, 186.4981, 333.8266, 184.994, 184.153, 219.7249, 18.04195, 2.345078, -114.1017, 0.1877612, -0.7714882, 0.6079077, -0.1134973, -0.9380752, 0.3273119, 308.237, 17.16407, 166.3215, 289.2348, 340.8757, 186.8987, -19.00214, -323.7116, 20.57712, 141.2849, 169.334, -167.5051, 104.2408, -156.7227, -32.82625, -37.04408, 326.0567, 134.6788, 6.89678
9, 4, -0.1174344, 0.02872714, -0.9926651, -0.06522008, -0.07399109, -0.9951239, 178.3424, 186.7469, 283.7459, 184.2523, 183.7498, 221.3948, 5.909958, 2.99707, -62.35107, -0.9107846, -0.2144421, 0.352826, -0.9680681, -0.02417209, 0.2495192, 328.7094, 291.1757, 256.7512, 354.4668, 284.4534, 268.5696, 25.75735, 6.722351, 11.81848, 150.3671, -104.4289, -26.99475, 170.2144, -100.7036, 47.1748, 19.8474, -3.725281, 74.16956, 5.974986
10, 0, -0.03758299, -0.07868097, -0.9961912, -0.06487458, -0.06184136, -0.9959754, 184.5159, 182.1606, 205.5321, 183.553, 183.7268, 226.3712, -0.9629364, -1.566238, 20.83917, 0.9963561, -0.05411637, 0.0659239, 0.96485, -0.07175367, -0.2528158, 320.6177, 86.21454, 93.10892, 195.8449, 104.6829, 94.25313, -124.7728, -18.46835, 1.144203, 136.1018, 95.94601, -112.4231, 12.29189, 79.0439, -132.1181, -123.8099, 16.90211, -19.69497, 7.197609
11, 1, -0.0954655, -0.1957746, -0.9759913, -0.0408706, -0.06472412, -0.9970659, 191.3425, 185.5865, 205.9952, 183.7141, 182.3473, 212.2707, -7.628342, 3.239258, 6.275467, 0.3915227, -0.8443786, -0.3656979, 0.3023054, -0.9200609, -0.2491976, 246.5827, 133.0467, 155.1237, 254.8451, 129.4996, 161.811, 8.26239, 3.547119, 6.687256, 55.24025, 52.53984, -50.87152, 71.13098, 52.8477, -50.45973, 15.89073, -0.3078613, 0.4117889, 6.385639
12, 8, -0.04401255, -0.0552693, -0.9975011, -0.01346972, -0.0684825, -0.9975614, 183.1714, 182.5264, 218.5313, 183.9272, 180.7736, 191.1274, 0.7557983, 1.752823, -27.40395, -0.180668, 0.06712978, 0.9812506, -0.2076218, -0.3393703, -0.9174535, 3.913648, 349.5675, 290.3833, 200.2997, 192.7514, 211.4577, 196.386, 156.8161, -78.92558, -179.2577, -167.0411, 71.85194, 16.37248, -11.9778, 20.33031, 195.6302, -155.0633, -51.52164, 8.363665
13, 6, -0.03979857, 0.03191289, -0.998698, -0.01270495, -0.07710116, -0.9969423, 178.1698, 182.2821, 308.7247, 184.4223, 180.7301, 189.3573, 6.252548, 1.551926, -119.3675, -0.4446389, 0.3513787, -0.8239111, -0.1836534, -0.3546142, -0.9167988, 156.9029, 208.3543, 308.3178, 201.1463, 191.3276, 207.3795, 44.24338, 17.02676, -100.9383, -21.26688, -26.07228, -0.4069519, 16.72395, -10.59744, 18.0222, 37.99083, -15.47484, 18.42915, 8.850739
14, 2, -0.07516246, 0.04489264, -0.9961603, -0.001658962, -0.0827925, -0.9965655, 177.4197, 184.3149, 300.8488, 184.7491, 180.0954, 181.1479, 7.329422, 4.219528, -119.7009, -0.4044846, -0.7957768, 0.4507013, -0.1060572, -0.9567162, 0.2710091, 299.5258, 318.0934, 206.9437, 285.8159, 338.6275, 186.3257, -13.7099, -20.53409, -20.61801, 122.1061, -133.7785, -93.90509, 101.0668, -158.5321, 5.177795, -21.03932, 24.75362, 99.08289, 5.408695
15, 5, -0.0607671, 0.1105488, -0.9920114, -0.01800149, -0.07462389, -0.9970493, 173.6413, 183.5054, 331.203, 184.2803, 181.0343, 193.5623, 10.63905, 2.471008, -137.6407, 0.2207291, 0.2667191, -0.9381576, 0.1851992, 0.03843044, -0.9819493, 164.1295, 166.7603, 39.61018, 177.7588, 169.3193, 78.277, 13.62926, -2.55899, 38.66682, -9.511749, 16.74507, -291.5928, -6.521545, 11.71507, -115.2853, 2.990204, 5.029999, 176.3075, 5.042066
16, 3, 0.05118489, -0.1129986, -0.992276, 0.03226703, -0.07265064, -0.9968354, 186.4967, 177.0471, 155.631, 184.1684, 178.146, 156.0521, -2.328339, -1.098923, 0.4211426, 0.2454616, 0.1171968, -0.9622962, 0.23281, 0.04284002, -0.9715783, 173.0562, 165.6902, 64.47765, 177.4753, 166.5248, 79.57348, 4.419067, -0.8346405, 15.09583, -13.44054, 11.3569, -91.15331, -6.69313, 11.62119, -76.47861, 6.747406, -0.2642822, 14.67469, 5.10867
17, 0, -0.02939472, 0.1291615, -0.9911878, 0.04343253, -0.08378618, -0.9955368, 172.5756, 181.6987, 347.1789, 184.8108, 177.5019, 152.599, 12.23514, 4.196716, -194.5799, -0.1529893, 0.5802016, -0.7999754, -0.2331243, 0.7506599, -0.6181931, 144.0476, 190.8267, 345.2283, 129.4726, 200.6618, 342.7473, -14.57501, -9.835098, -2.480957, -28.52805, -9.128006, -1.950623, -55.3382, -23.15982, 190.1484, -26.81015, 14.03181, 192.099, 5.485986
 
IMAGINATION
0, 5, -0.0009059351, 0.03011913, -0.999546, 0.03998388, -0.0824661, -0.9957915, 178.274, 180.0519, 358.2772, 184.7341, 177.7007, 154.1335, 6.460068, 2.351273, -204.1437, -0.739749, -0.6717837, 0.03844754, 0.2551286, 0.07382056, -0.964085, 273.2756, 272.9752, 227.7567, 175.6214, 165.1774, 73.86238, -97.65419, 107.7978, -153.8943, 95.00153, -92.92326, -130.5205, -9.112732, 12.52322, -80.27109, -104.1143, -105.4465, 50.2494, 8.572991
1, 2, -0.05407019, 0.01970965, -0.9983426, 0.02052622, -0.07709113, -0.9968128, 178.869, 183.1001, 290.0278, 184.4223, 178.8203, 165.0904, 5.553299, 4.27977, -124.9374, -0.5263652, -0.7605628, -0.3801104, 0.3646984, -0.8994445, -0.2408204, 243.4453, 234.1654, 214.6861, 255.011, 123.4379, 157.9289, 11.56573, 110.7275, -56.75717, 64.57625, -51.06525, -75.34174, 70.58868, 55.38246, -7.161499, 6.012436, -106.4477, 68.18024, 7.506683
2, 7, 0.02356567, 0.1218108, -0.9922737, 0.02718011, -0.08252933, -0.9962179, 173.0014, 178.6395, 10.94925, 184.7357, 178.4372, 161.7713, 11.7343, 0.2023468, 150.822, 0.1049187, 0.4449455, 0.8893906, -0.2469817, 0.7567875, -0.6052048, 26.57794, 6.727914, 13.26805, 128.6494, 202.2002, 341.9256, 102.0715, -195.4722, 328.6576, -146.4235, 171.9116, 2.318797, -56.0863, -23.76299, 180.1543, 90.33717, 195.6746, 177.8355, 7.129354
3, 1, -0.05230024, -0.04377371, -0.9976717, 0.03800844, -0.0737035, -0.9965557, 182.5123, 183.0008, 230.0717, 184.2298, 177.8158, 152.7201, 1.717514, 5.185013, -77.35156, 0.3813845, -0.5788469, -0.7207512, 0.2065538, 0.06311939, -0.9763972, 218.7685, 152.1145, 146.6203, 176.3013, 168.0554, 73.00773, -42.46725, -15.94086, -73.61262, 36.25623, 30.88632, -83.45134, -7.928543, 9.760452, -79.71239, -44.18477, 21.12587, 3.738945, 5.941812
4, 3, -0.008727431, 0.2119981, -0.9772313, 0.04006236, -0.08469187, -0.9956015, 167.7601, 180.5117, 357.6426, 184.8622, 177.6957, 154.6841, 17.10216, 2.815979, -202.9585, -0.8770526, 0.4798321, 0.02323637, 0.9849159, -0.07834631, -0.1542806, 87.22756, 271.5176, 298.6829, 206.9222, 98.90266, 94.54808, 119.6947, 172.615, -204.1348, -80.53249, -91.00595, -58.95972, 22.06003, 78.79305, -60.13605, 102.5925, -169.799, -1.176331, 7.352304
5, 0, -0.05089189, -0.1031448, -0.9933636, 0.03788464, -0.07075556, -0.996774, 185.928, 182.9328, 206.2618, 184.0603, 177.8234, 151.8341, -1.867691, 5.109406, -54.42776, 0.2989749, 0.648629, -0.6999248, -0.2525541, 0.7464275, -0.6156804, 137.1784, 156.8701, 24.74657, 129.517, 202.3036, 341.3067, -7.661316, -45.43349, 316.5602, -48.74963, 26.0627, -181.5153, -54.54326, -24.48019, 189.4727, -5.793625, 50.54289, 370.9879, 5.564215
6, 8, -0.02118424, 0.1197449, -0.9925789, 0.04055107, -0.07993095, -0.9959752, 173.1211, 181.2227, 349.9675, 184.5884, 177.6685, 153.1001, 11.46732, 3.554169, -196.8674, -0.1203043, -0.7362226, 0.6659603, 0.3208853, -0.8885946, -0.3277685, 312.1313, 349.7601, 189.2805, 249.7529, 135.608, 160.1446, -62.37843, 214.1521, -29.13597, 139.0103, -168.5374, -160.687, 65.16454, 42.06052, 7.044434, -73.84575, -210.5979, 167.7314, 6.241207
7, 2, -0.04594808, -0.007185753, -0.998918, 0.01818801, -0.07185404, -0.9972494, 180.4122, 182.6336, 261.1116, 184.1212, 178.9552, 165.7954, 3.709015, 3.678467, -95.31618, 0.3058636, 0.6248508, 0.7183377, -0.2682705, 0.7443228, -0.6115673, 41.0186, 23.064, 26.08168, 129.408, 203.6852, 340.1797, 88.38937, -180.6212, 314.098, -139.3936, 159.5696, -235.0299, -54.7132, -24.73001, 174.3843, 84.68036, 184.2996, 409.4142, 6.374675
8, 7, -0.03282502, 0.1190856, -0.9923414, 0.006604786, -0.07579102, -0.9971018, 173.157, 181.8945, 344.5895, 184.3468, 179.6205, 175.0196, 11.1898, 2.274063, -169.57, -0.5958072, 0.3726136, -0.7114586, 0.2063904, 0.03687527, -0.9777746, 152.3575, 219.9443, 302.0216, 177.8402, 168.0809, 79.87, 25.4827, 51.86343, -222.1516, -20.79945, -38.04976, -42.56796, -6.506561, 11.53961, -95.14957, 14.29289, -49.58937, -52.5816, 13.10474
9, 1, -0.09749611, -0.1518261, -0.9835871, 0.01551779, -0.06647123, -0.9976677, 188.7749, 185.6608, 212.7068, 183.8118, 179.1089, 166.8596, -4.96312, 6.551956, -45.84723, -0.3186452, -0.6806382, -0.6596947, 0.5226146, 0.7376451, 0.4274969, 225.8952, 205.7814, 205.0869, 59.90587, 50.71695, 35.31721, -165.9893, 155.0645, -169.7697, 37.1203, -20.12059, -7.619858, -123.9059, 128.3919, -131.5424, -161.0262, -148.5125, -123.9225, 5.753164
10, 4, -0.0216932, -0.1202892, -0.9925019, 0.01260805, -0.06939752, -0.9975094, 186.9104, 181.2521, 190.223, 183.9797, 179.2758, 169.7029, -2.93071, 1.976273, -20.52007, 0.7349253, -0.5538172, -0.3913715, 0.3608693, 0.4941618, -0.7909345, 234.7519, 118.0368, 127.0005, 148.0036, 155.4748, 36.13936, -86.74832, -37.43809, -90.86119, 47.84149, 63.21537, -63.22241, -35.97612, 23.80101, -133.5635, -83.81761, 39.41436, -70.34113, 8.272871
11, 3, -0.07598528, 0.04821151, -0.9959428, 0.008975976, -0.07579962, -0.9970827, 177.2286, 184.3629, 302.3945, 184.3473, 179.4842, 173.2466, 7.118729, 4.878677, -129.1479, -0.3456892, 0.6519531, -0.674875, 0.5395461, 0.7364324, 0.4081142, 135.9897, 207.1227, 332.0659, 61.00577, 52.89603, 36.22831, -74.98396, 154.2267, -295.8376, -41.23888, -22.75983, 29.67136, -123.3416, 126.5882, -137.0183, -82.10269, -149.348, -166.6897, 6.596282
12, 5, -0.02185757, -0.04771119, -0.9986219, 0.01333966, -0.06996111, -0.9974605, 182.7354, 181.2539, 204.6136, 184.0121, 179.2338, 169.2048, 1.276764, 2.020081, -35.40872, -0.06490314, -0.9627154, -0.2626151, 0.3391677, -0.8993468, -0.2759358, 254.7418, 193.882, 183.8569, 252.943, 129.1307, 159.3372, -1.798721, 64.75133, -24.51967, 72.00641, -12.62813, -20.75671, 68.93092, 50.10312, -9.867661, -3.075485, -62.73125, 10.88905, 6.752123
13, 7, 0.003832421, 0.1519044, -0.988388, 0.009696641, -0.08044782, -0.9967116, 171.2626, 179.7778, 1.445218, 184.6145, 179.4426, 173.1271, 13.35188, 0.3352356, 171.6819, 0.8122191, -0.06941765, 0.5792075, 0.9535372, -0.06304223, -0.2946056, 353.1657, 54.50667, 94.88501, 192.0785, 107.1691, 93.78255, -161.0873, -52.66243, -1.102455, 181.9031, 125.2712, 93.43979, 7.463959, 72.27351, -79.34455, -174.4391, 52.99767, -172.7843, 6.01887
14, 3, -0.0280794, 0.02584917, -0.9992713, 0.01593573, -0.07600985, -0.9969797, 178.5182, 181.6096, 312.6319, 184.3598, 179.0843, 168.1592, 5.841599, 2.525314, -144.4726, -0.4247683, 0.2757058, 0.8622982, 0.4025573, 0.470185, -0.785413, 17.73083, 333.7751, 302.9865, 149.0933, 152.863, 40.56907, 131.3625, 180.9122, -262.4175, -160.7874, -152.1656, -9.645325, -35.26651, 26.22131, -127.5901, 125.5209, -178.3869, -117.9448, 8.672096
15, 0, -0.08054787, -0.09706527, -0.9920134, 0.006512614, -0.07035711, -0.9975006, 185.5884, 184.642, 219.687, 184.0346, 179.6259, 174.7115, -1.553818, 5.016098, -44.97548, 0.8899482, 0.4400059, 0.1199462, 0.9592771, -0.09486254, -0.2660614, 74.75161, 82.324, 63.69141, 199.6234, 105.5017, 95.6476, 124.8718, -23.17769, 31.95618, -110.8368, 102.318, -155.9955, 15.58878, 74.12424, -79.06389, 126.4256, 28.19379, 76.93166, 6.118815
16, 1, 0.05574996, -0.08147784, -0.9951147, 0.01344285, -0.07173458, -0.9973331, 184.6808, 176.7934, 145.6187, 184.114, 179.2278, 169.386, -0.5668182, -2.434326, 23.76733, -0.1214864, -0.6668379, 0.7352335, -0.06983175, -0.9700859, 0.2325017, 317.7928, 350.6175, 190.3251, 283.4779, 343.2824, 184.1173, -34.31488, 7.335114, -6.207733, 133.112, -173.8241, 44.70636, 99.36391, -164.0546, 14.73129, -33.74806, -9.76944, -29.97507, 6.485991
17, 5, 0.05010715, -0.0177576, -0.998586, 0.04335858, -0.06816251, -0.9967316, 181.0188, 177.1274, 109.5139, 183.9121, 177.5092, 147.5393, 2.893372, -0.3817291, 38.02536, -0.2258993, -0.06332921, 0.9720899, -0.9533339, -0.03515653, 0.2998643, 356.2726, 346.9175, 254.3395, 353.3131, 287.4606, 267.888, -2.959503, 59.45694, 13.54849, 175.2538, -169.7901, 144.8256, 169.4009, -109.9514, 120.3487, -5.852875, -59.83867, -24.47687, 7.040839
 
LOCOMOTION
18, 4, -0.01971645, -0.1149776, -0.9931724, 0.02820771, -0.08304601, -0.9961464, 186.6036, 181.1373, 189.7305, 184.7656, 178.378, 161.2393, -1.838058, 2.759277, -28.49123, -0.2954578, -0.4678342, -0.8329681, -0.1640849, -0.3558696, -0.9200179, 209.3206, 199.5298, 212.2742, 201.1468, 190.1124, 204.7536, -8.173782, 9.41748, -7.520645, 22.717, -18.39256, 22.54372, 16.38127, -11.73436, 43.5143, -6.335724, -6.658203, 20.97058, 7.396556
19, 6, -0.03135139, -0.01796682, -0.9993471, 0.01227757, -0.08525073, -0.9962839, 181.03, 181.7969, 240.1839, 184.8908, 179.294, 171.8048, 3.860825, 2.502914, -68.37909, 0.5167379, 0.6485699, 0.5588731, 0.4779992, 0.7051633, 0.5236998, 49.24851, 42.75668, 38.54553, 53.40004, 42.3878, 34.13162, 4.151531, 0.3688812, -4.413914, -131.7815, 139.0402, -201.6383, -131.4908, 136.9062, -137.6732, 0.2907104, 2.134033, 63.96518, 5.331143
20, 8, -0.01698693, -0.01569044, -0.9997327, 0.008764731, -0.0834151, -0.9964764, 180.8992, 180.9734, 227.272, 184.7851, 179.4961, 174.0017, 3.885925, 1.477386, -53.27031, 0.5578106, 0.6435664, 0.5240893, 0.5096698, 0.6908412, 0.5128109, 50.8423, 46.78525, 40.91708, 53.41353, 44.82399, 36.41814, 2.571232, 1.961262, -4.498936, -130.0569, 134.1882, -186.355, -131.3716, 134.6721, -137.5836, -1.314697, -0.4838715, 48.77138, 5.619123
21, 3, -0.113558, 0.01011021, -0.99348, 0.01304313, -0.08486629, -0.996307, 179.417, 186.5208, 275.0877, 184.8687, 179.25, 171.2626, 5.451782, 7.270828, -103.8251, 0.4306567, 0.5467921, 0.7180203, 0.5320575, 0.6959694, 0.4822254, 37.29026, 30.95463, 38.22417, 55.28257, 47.8127, 37.39734, 17.9923, -16.85807, -0.8268356, -142.1267, 155.5661, -236.8635, -129.5862, 131.4373, -133.8652, 12.54051, 24.12889, 102.9983, 5.596825
22, 7, -0.01920533, -0.03905498, -0.9990527, 0.06459753, -0.07481241, -0.9951032, 182.2387, 181.1013, 206.1857, 184.2994, 176.2858, 139.1907, 2.060776, 4.81546, -66.99501, -0.5236445, -0.006267644, 0.8519138, 0.9865542, -0.0666796, -0.1492133, 359.5785, 328.4223, 269.3142, 204.0786, 98.60062, 93.86665, -155.4998, 229.8217, -175.4476, 177.3398, -147.321, 63.12852, 19.77921, 77.6852, -45.32406, -157.5606, -225.0062, -108.4526, 5.508007
23, 2, -0.09339375, -0.0340593, -0.9950466, 0.05728545, -0.07917508, -0.9952134, 181.9604, 185.362, 249.9638, 184.5486, 176.7056, 144.1132, 2.588242, 8.656357, -105.8507, 0.3874318, -0.832329, -0.3963903, 0.3255715, -0.9144051, -0.2405547, 244.5342, 135.6548, 155.039, 255.261, 126.4595, 160.4019, 10.72678, 9.195282, 5.362869, 62.57384, 49.70717, -94.92484, 70.71237, 50.24609, 16.2887, 8.138535, -0.5389252, 111.2135, 5.775209
24, 8, -0.007136496, 0.05302864, -0.9985675, 0.05239664, -0.08752508, -0.9947834, 176.9602, 180.4095, 352.3353, 185.0282, 176.9849, 149.0933, 8.067978, 3.42453, -203.242, -0.926495, 0.05608256, 0.3721045, -0.8385126, -0.05503945, 0.5420953, 8.570952, 291.8817, 273.464, 354.2026, 302.8825, 266.2445, 345.6316, -11.00082, -7.219452, -168.3892, -111.4722, -78.87131, 169.1744, -125.8976, 117.1513, 337.5637, 14.42535, 196.0226, 5.685755
25, 1, -0.00765838, -0.04749458, -0.9988421, 0.04335406, -0.07992636, -0.9958575, 182.7223, 180.4393, 189.1599, 184.5887, 177.5072, 151.5235, 1.866318, 2.932068, -37.63646, 0.4686552, 0.5701194, 0.6747786, 0.5356618, 0.6820593, 0.4978569, 40.19441, 34.7812, 39.42123, 53.8731, 47.09488, 38.14466, 13.67869, -12.31367, -1.276569, -142.5279, 145.6581, -149.7387, -130.7155, 130.4124, -113.3788, 11.81238, 15.24574, 36.35988, 5.818714
26, 5, -0.08590729, 0.2310799, -0.9691348, 0.03946825, -0.0925888, -0.9949219, 166.5889, 185.0656, 339.6067, 185.3167, 177.7283, 156.9127, 18.72786, 7.337357, -182.694, 0.4876631, -0.7747952, -0.4023398, 0.3273843, -0.9096373, -0.2556941, 242.5578, 129.5239, 147.8133, 254.2996, 127.9906, 160.2059, 11.74182, 1.533279, 12.39256, 75.96895, 55.54178, -191.7934, 68.98291, 49.7377, 3.293182, -6.986038, 5.804077, 195.0865, 5.664016
27, 7, 0.02659319, -0.08125672, -0.9963383, 0.05649892, -0.07458986, -0.9956124, 184.6625, 178.4711, 161.8781, 184.2845, 176.7521, 142.8575, -0.3779449, 1.719009, -19.02061, 0.1218943, 0.167529, -0.9783025, 0.2318149, 0.04382376, -0.9717723, 170.2827, 172.8977, 36.03967, 177.4179, 166.5829, 79.29478, 7.135239, 6.314758, 43.25511, -14.37981, 5.57341, -125.8384, -6.866623, 10.16916, -63.5627, 7.513184, -4.595749, 62.27573, 5.30819
28, 3, -0.03642979, -0.07673328, -0.9963861, 0.03951654, -0.07994869, -0.9960154, 184.4037, 182.0939, 205.3964, 184.5892, 177.728, 153.698, 0.1854706, 4.365921, -51.69839, 0.442012, 0.3942265, -0.8057363, 0.4195759, 0.4849322, -0.767331, 153.9287, 151.2516, 48.27053, 147.7082, 151.3302, 40.86721, -6.220428, -0.07855225, -7.40332, -30.47508, 30.84227, -157.1259, -36.88098, 26.3978, -112.8308, -6.405899, 4.444473, 44.29507, 5.4184
29, 0, 0.004650517, -0.1476877, -0.9890232, 0.03975748, -0.07731992, -0.9962133, 188.493, 179.7306, 178.1964, 184.438, 177.7146, 152.788, -4.054977, 2.015961, -25.40839, -0.2976118, -0.8533556, 0.428032, 0.06982768, -0.8805169, 0.4688433, 296.6378, 325.189, 199.2265, 298.0337, 8.47114, 175.4658, 1.395935, 316.7179, -23.7607, 108.1447, -145.4584, 21.03004, 113.5956, 169.2435, 22.67773, 5.450912, -314.7019, 1.64769, 4.730761
30, 7, -0.01214184, 0.1308092, -0.9913334, 0.0443361, -0.08847446, -0.9950912, 172.4831, 180.7017, 354.6969, 185.0809, 177.4489, 153.3838, 12.59776, 3.252838, -201.3132, -0.9671333, -0.001907147, 0.2542627, -0.8415799, -0.05113581, 0.5377067, 359.5703, 284.7299, 269.887, 354.5675, 302.5755, 266.5229, -5.002747, -17.84561, -3.364136, 187.0872, -104.0282, -84.80991, 169.4866, -125.1266, 113.1391, -17.60051, 21.09845, 197.949, 5.520015
31, 5, 0.02792475, -0.01431675, -0.9995077, 0.04518182, -0.08164531, -0.9956368, 180.8206, 178.3997, 117.1438, 184.6879, 177.4017, 151.0402, 3.867294, 0.9979706, 33.89647, -0.2287756, 0.6557946, -0.7194409, -0.244935, 0.7701904, -0.5889088, 137.6498, 197.6402, 340.7686, 127.4025, 202.5831, 342.3584, -10.24726, -4.942886, 1.589813, -43.17085, -19.24051, 223.6248, -57.28541, -25.18137, 191.3181, -14.11456, 5.940857, -32.30666, 5.563824
32, 4, -0.0226627, 0.06036588, -0.997919, 0.03687783, -0.08377292, -0.9958022, 176.5383, 181.3009, 339.4227, 184.8087, 177.8791, 156.2403, 8.270447, 3.421829, -183.1824, 0.9987935, -0.006842227, 0.04863156, 0.9909452, -0.06970018, -0.1147582, 351.9913, 87.21246, 90.3925, 211.2731, 96.60581, 94.02339, -140.7183, -9.393356, 3.63089, 175.453, 94.08849, -249.0302, 26.46431, 81.27331, -62.21693, -148.9887, 12.81519, 186.8133, 4.918819
33, 2, -0.04798518, 0.0212029, -0.998623, 0.03759338, -0.0822717, -0.9959006, 178.7837, 182.751, 293.8389, 184.7225, 177.8382, 155.4424, 5.938812, 4.912796, -138.3965, -0.1587443, -0.563726, -0.8105635, -0.1577427, -0.3575732, -0.9204665, 214.8176, 191.0808, 195.7271, 201.2296, 189.7245, 203.8046, -13.588, 1.356354, 8.077438, 36.03395, -8.329788, -98.11177, 16.50714, -11.88623, 48.3622, -19.52681, 3.556442, 146.474, 5.430231
34, 6, 0.01499849, -0.02961057, -0.9994491, 0.04550828, -0.08554121, -0.9952948, 181.697, 179.1402, 153.1367, 184.9122, 177.3821, 151.9868, 3.215256, 1.758179, -1.149811, 0.4155775, -0.8409606, 0.3465264, -0.1404241, -0.8969349, 0.4192717, 292.3946, 50.1772, 153.7028, 295.0537, 341.4831, 188.898, 2.659119, -291.3058, 35.19521, 110.6976, 128.963, 0.5661316, 110.1415, -164.101, 36.91115, -0.5561371, 293.064, 36.34502, 5.120295
35, 0, -0.02324142, 0.1465666, -0.9889278, 0.04036171, -0.08891413, -0.9952212, 171.5697, 181.3463, 350.9895, 185.1053, 177.6776, 155.5848, 13.53561, 3.668686, -195.4047, 0.4523938, 0.2970504, -0.840893, 0.417578, 0.4930666, -0.763226, 160.5439, 151.7201, 56.71034, 147.1364, 151.3159, 40.26126, -13.40759, 0.4041443, -16.44908, -11.02576, 29.62621, -294.2792, -37.96896, 26.36166, -115.3235, -26.94321, 3.264542, 178.9557, 5.276201
 
IMAGINATION
18, 8, -0.06999546, -0.02643429, -0.9971971, 0.04765092, -0.08513315, -0.9952295, 181.5185, 184.0151, 249.3106, 184.8893, 177.2588, 150.7633, 3.370789, 6.756332, -98.54729, -0.2509512, -0.00847712, 0.9679626, -0.8820927, -0.03966757, 0.4694027, 359.4982, 345.4657, 268.0653, 355.1696, 298.0195, 267.4251, -4.328613, 47.44614, -0.6401367, 177.9798, -161.4505, 18.7547, 170.2804, -120.7607, 116.6618, -7.699402, -40.6898, 97.90715, 7.407178
19, 0, -0.02978875, -0.05413162, -0.9980894, 0.02016357, -0.08466726, -0.9962052, 183.1044, 181.7095, 208.8241, 184.8579, 178.8405, 166.6045, 1.753464, 2.869049, -42.21959, 0.3098211, 0.3984227, 0.8632904, -0.05153814, -0.8979346, 0.437101, 24.7741, 19.74225, 37.86932, 295.9561, 353.2754, 183.285, 271.182, -333.5331, 145.4156, -158.3303, 161.9673, -170.9548, 111.0982, -174.4349, 16.68047, 269.4286, 336.4022, 187.6352, 6.762661
20, 4, 0.02254509, 0.1180076, -0.9927569, 0.03423951, -0.08980365, -0.9953707, 173.2211, 178.6991, 10.8159, 185.1553, 178.0299, 159.1296, 11.93419, 0.6691895, 148.3137, 0.9755704, -0.2187239, -0.02054814, -0.8714071, -0.02885428, 0.4897113, 264.6331, 91.20663, 102.6368, 356.628, 299.335, 268.1035, 91.9949, -208.1284, 165.4667, 91.41191, 87.49244, 91.82091, 171.4726, -121.3051, 108.9739, 80.06071, 208.7976, 17.153, 5.884886
21, 2, -0.04089583, -0.01581211, -0.9990384, 0.04295869, -0.08538183, -0.9954218, 180.9068, 182.3441, 248.8613, 184.9025, 177.5289, 153.2914, 3.995758, 4.815247, -95.56996, -0.06257676, -0.9745471, -0.2152721, -0.03506124, -0.8129058, 0.5813389, 257.5437, 196.2085, 183.674, 305.5699, 356.5486, 182.4697, 48.02625, -160.3402, -1.2043, 76.63695, -13.86435, -65.18735, 120.6674, -179.0198, 29.17831, 44.03049, 165.1554, 94.36566, 6.463278
22, 1, 0.006709004, 0.1039713, -0.9945579, 0.04953205, -0.09172059, -0.9945521, 174.032, 179.6135, 3.692033, 185.2691, 177.1488, 151.6295, 11.23712, 2.464661, 147.9375, 0.6124607, -0.7244284, 0.3163788, 0.306761, -0.9108849, -0.2760185, 293.5923, 62.68049, 139.7875, 253.142, 131.9804, 161.3879, -40.45027, -69.29987, 21.6004, 119.5603, 116.933, 136.0955, 67.87292, 45.16847, 9.758362, -51.68739, 71.76453, -126.3371, 6.674871
23, 2, -0.06343081, 0.1182374, -0.9909573, 0.04323567, -0.09000167, -0.9950027, 173.1958, 183.6625, 331.7878, 185.1685, 177.5119, 154.341, 11.9727, 6.150574, -177.4468, 0.1118433, -0.008149476, 0.9936925, -0.1559097, -0.3586689, -0.9203526, 359.5301, 6.421801, 94.1675, 201.2913, 189.6147, 203.4941, -158.2389, -183.1929, 109.3266, 186.3343, 177.2407, -237.6203, 16.12271, -12.10284, 49.15312, -170.2116, 189.3435, 286.7734, 6.640894
24, 6, -0.02417212, 0.07107593, -0.997178, 0.05021907, -0.08571995, -0.9950528, 175.923, 181.3886, 341.2174, 184.9237, 177.1108, 149.6361, 9.000641, 4.277802, -191.5813, -0.3517839, 0.72073, -0.5973246, 0.5237471, 0.6826524, 0.5095827, 129.6512, 210.4952, 333.9833, 53.2596, 45.78534, 37.49628, -76.39157, 164.7099, -296.487, -46.27185, -29.10661, -7.234131, -131.6641, 131.3255, -112.1398, -85.39221, -160.4321, -104.9057, 5.751566
25, 4, -0.01311777, 0.04447694, -0.9989243, 0.0322012, -0.08808194, -0.9955927, 177.4506, 180.7523, 343.5674, 185.0559, 178.1475, 159.9185, 7.605316, 2.604874, -183.6489, 0.8705943, -0.4856625, 0.07872384, 0.9891936, -0.03761072, -0.1417089, 279.2073, 84.83306, 119.155, 194.8641, 98.15255, 92.17743, -84.34322, -13.31949, -26.97762, 101.7567, 95.91929, -224.4124, 9.808182, 79.99493, -67.74106, -91.94853, 15.92436, 156.6713, 6.474227
26, 6, -0.08561125, 0.03420778, -0.9957414, 0.03188772, -0.08705838, -0.9956927, 178.0324, 184.914, 291.7802, 184.9969, 178.1657, 159.8832, 6.964508, 6.748352, -131.897, 0.438742, 0.5941582, 0.6741524, -0.1617842, -0.3668266, -0.9161136, 41.39105, 33.0563, 36.44314, 201.822, 190.0151, 203.7993, 160.4309, -156.9588, 167.3561, -136.6414, 151.8578, -255.3371, 16.82501, -11.8494, 43.91603, 153.4664, 163.7072, 299.2531, 6.218394
27, 5, -0.09278608, 0.1264427, -0.9876251, 0.02803667, -0.09080917, -0.9954736, 172.7043, 185.3671, 323.7281, 185.2122, 178.3867, 162.8423, 12.50792, 6.980347, -160.8857, 0.798152, 0.6001678, -0.05245845, -0.2722733, 0.7719003, -0.5744886, 94.99532, 93.76035, 53.05878, 126.6586, 205.3582, 340.5707, 31.66324, -111.5978, 287.5119, -77.70897, 91.60674, -270.6693, -58.55365, -26.97142, 177.7284, 19.15532, 118.5782, 448.3976, 5.986219
28, 0, -0.02409711, -0.07502186, -0.9968908, 0.03004302, -0.0826432, -0.9961262, 184.3037, 181.3847, 197.8071, 184.7427, 178.2725, 160.0224, 0.4389343, 3.112198, -37.78462, 0.5694801, 0.6297024, -0.528363, 0.408685, 0.4849479, -0.7731767, 129.9989, 132.8551, 42.12505, 147.9035, 152.14, 40.12218, 17.90453, -19.28487, -2.002872, -54.30479, 48.52956, -155.682, -36.8392, 26.13249, -119.9003, 17.46559, 22.39706, 35.78174, 6.174331
29, 6, -0.02217365, -0.1073648, -0.9939725, 0.03679591, -0.08100824, -0.996034, 186.1649, 181.278, 191.669, 184.6497, 177.8843, 155.5713, -1.515274, 3.393646, -36.09772, -0.3268129, 0.6850952, 0.6510284, 0.4097595, 0.4963801, -0.765313, 46.46054, 333.3436, 334.4973, 147.0327, 151.8348, 39.53952, 100.5721, 181.5088, -294.9578, -139.7044, -152.0656, 142.8283, -37.617, 26.04955, -116.0318, 102.0874, -178.1152, -258.8601, 6.929424
30, 8, -0.004351319, -0.1192608, -0.9928535, 0.06492037, -0.07111855, -0.9953529, 186.8495, 180.2511, 182.0896, 184.0869, 176.2683, 137.6087, -2.76265, 3.982834, -44.48085, 0.2072154, 0.3215247, 0.92395, 0.4471239, 0.7217728, 0.5283219, 19.18735, 12.64063, 32.80087, 53.79669, 40.24156, 31.77739, 34.60934, -27.60093, -1.023474, -167.6622, 167.6105, -149.2887, -130.2902, 136.0267, -105.8313, 37.37199, 31.58377, 43.45738, 6.429325
31, 4, -0.0009298881, -0.08737567, -0.9961752, 0.01679507, -0.07737022, -0.996861, 185.0126, 180.0535, 180.6097, 184.438, 179.0348, 167.7526, -0.5746002, 1.018707, -12.85715, -0.0806347, -0.5932555, 0.8009657, -0.171032, -0.3381132, -0.9254337, 323.4736, 354.2513, 187.7402, 200.0701, 190.4709, 206.8322, -123.4035, 163.7804, 19.09206, 138.4609, -174.1978, 7.130417, 15.63206, -11.43608, 39.07962, -122.8289, -162.7617, 31.9492, 6.351749
32, 3, -0.05516472, -0.2544461, -0.9655124, -0.003194179, -0.06816655, -0.9976688, 194.7638, 183.27, 192.2326, 183.9087, 180.1834, 182.6828, -10.85506, 3.086594, -9.549774, -0.5887612, 0.3556646, 0.7258533, 0.2094089, 0.04365792, -0.976853, 26.10463, 320.9535, 301.1357, 177.441, 167.9006, 78.22357, 151.3364, 153.0529, -222.9122, -168.6591, -137.6834, 108.9032, -6.467682, 12.28287, -104.4592, 162.1915, -149.9663, -213.3624, 6.086113
33, 8, -0.128119, 0.08683562, -0.98795, 0.02335046, -0.08583032, -0.9960361, 174.9769, 187.389, 304.1284, 184.9251, 178.657, 164.7808, 9.948212, 8.731934, -139.3475, 0.3746454, 0.5602123, -0.7387849, -0.1708777, -0.3648314, -0.9152588, 142.8274, 153.11, 33.77287, 201.7327, 190.5753, 205.0972, 58.90535, -37.46533, 171.3243, -32.14954, 34.27901, -270.3555, 16.8076, -11.91826, 40.31636, 48.95714, 46.19727, 310.6719, 6.184617
34, 7, 0.04657514, 0.1703527, -0.984282, 0.0176068, -0.08789679, -0.995974, 170.1809, 177.2908, 15.29121, 185.0434, 178.9872, 168.6729, 14.8625, -1.696396, 153.3817, 0.500994, -0.5119402, 0.6977981, -0.9260944, 0.02434127, 0.3765061, 323.7343, 35.67699, 135.6191, 3.699047, 292.1243, 271.5056, -320.0353, -256.4473, 135.8865, 153.5534, 141.6139, 120.3279, -181.3444, -113.1371, 102.8327, -334.8978, 254.7509, -17.49519, 7.062321
35, 6, -0.01635225, 0.08365137, -0.9963608, 0.02268375, -0.08074746, -0.9964764, 175.2009, 180.9402, 348.9392, 184.6327, 178.696, 164.3088, 9.431839, 2.244293, -184.6305, -0.5290887, 0.5818853, -0.6176363, -0.05979382, -0.8942715, 0.4435122, 136.7072, 220.5845, 317.7208, 296.379, 352.3217, 183.8253, 159.6719, -131.7372, -133.8955, -38.49371, -39.64427, -31.21844, 111.7463, -173.6258, 19.51653, 150.24, 133.9815, 50.73497, 5.731399
