SubjectID, Experiment, Height, Gender, Age, RandomOrderId, TrialArray
00SJ, flat, 64", female, 14, 1, [5,1,3,4,0,2,8,6,7,8,4,7,1,3,6,5,0,2,3,0,8,7,2,5,4,6,1]
Trial, ObjectId, RealStartVectorX, RealStartVectorY, RealStartVectorZ, PerfectStartVectorX, PerfectStartVectorY, PerfectStartVectorZ, RealStartAngleX, RealStartAngleY, RealStartAngleZ, PerfectStartAngleX, PerfectStartAngleY, PerfectStartAngleZ, StartErrorX, StartErrorY, StartErrorZ, RealEndVectorX, RealEndVectorY, RealEndVectorZ, PerfectEndVectorX, PerfectEndVectorY, PerfectEndVectorZ, RealEndAngleX, RealEndAngleY, RealEndAngleZ, PerfectEndAngleX, PerfectEndAngleY, PerfectEndAngle, EndErrorX, EndErrorY, EndErrorZ, RealChangeX, RealChangeY, RealChangeZ, PerfectChangeX, PerfectChangeY, PerfectChangeZ, ChangeErrorX, ChangeErrorY, ChangeErrorZ, ElapsedTime
0, 5, -0.0004885711, -0.1324445, -0.9911905, 0.002214233, -0.113612, -0.9935227, 187.6109, 180.0282, 180.2114, 186.5236, 179.8723, 178.8835, -1.08728, 0.1559296, -1.327896, -0.3312408, -0.3934096, 0.8576179, -0.3102953, -0.4300785, 0.8477908, 335.358, 338.8818, 220.0965, 333.1016, 339.8972, 215.8099, -2.256348, -1.015381, -4.286636, 147.7471, -158.8535, 39.88516, 146.578, -160.0248, 36.92642, -1.169067, 1.17131, -2.95874, 4.242125
1, 1, 0.05931935, -0.09489492, -0.9937184, 0.008097954, -0.1176896, -0.9930174, 185.4549, 176.5838, 147.9903, 186.759, 179.5328, 176.0638, 1.304092, -2.948944, 28.07355, -0.29735, 0.2400333, -0.9241035, -0.4251816, 0.1884892, -0.8852641, 165.4394, 197.8367, 308.9119, 167.9802, 205.6544, 293.9084, 2.540802, -7.817734, -15.00351, -20.01555, -21.25285, 160.9217, -18.77884, -26.12164, 117.8446, 1.23671, 4.86879, -43.07706, 2.85044
2, 3, 0.02196273, -0.07930064, -0.996609, 0.01146538, -0.1142207, -0.9933892, 184.5495, 178.7375, 164.5197, 186.5591, 179.3387, 174.2679, 2.009659, -0.601181, 9.748245, 0.9747263, -0.01165286, 0.2230986, 0.988701, -0.08050252, -0.1264499, 357.01, 77.10802, 90.68494, 212.4823, 97.28828, 94.6549, -144.5278, -20.18026, 3.969955, 172.4606, 101.6295, -73.83471, 25.92317, 82.05045, -79.613, -146.5374, 19.57908, -5.77829, 2.908213
3, 4, 0.005377526, -0.1058764, -0.994365, 0.0009315881, -0.1116397, -0.9937484, 186.0777, 179.6902, 177.0924, 186.4098, 179.9463, 179.5219, 0.3320923, -0.256134, 2.429504, 0.8166807, 0.3089181, -0.4874447, 0.8179051, 0.1953842, -0.5411621, 147.6355, 120.8313, 69.28035, 160.1481, 123.4904, 76.56476, 12.51257, -2.659058, 7.284409, -38.44221, 58.85883, -107.8121, -26.26173, 56.45591, -102.9572, 12.18048, 2.402924, 4.854904, 2.953634
4, 0, 0.03741772, -0.0197814, -0.999104, 0.001697049, -0.1151723, -0.9933441, 181.1343, 177.8552, 117.8638, 186.6136, 179.9021, 179.1558, 5.479309, -2.046906, 61.29204, -0.2825442, -0.39538, -0.8739817, -0.175649, -0.1576316, -0.9717508, 204.3415, 197.9152, 215.5501, 189.2139, 190.2459, 228.0944, -15.12758, 7.669296, 12.54428, 23.20723, -20.05997, 97.68636, 2.600342, -10.34377, 48.9386, -20.60689, -9.716202, -48.74776, 2.599434
5, 2, 0.07764497, -0.09215334, -0.992713, 0.009450042, -0.1126881, -0.9935855, 185.3036, 175.5277, 139.8838, 186.4706, 179.4551, 175.2064, 1.167023, -3.927353, 35.32263, -0.9693134, 0.2428551, 0.03811786, -0.8391867, 0.0174464, 0.5435635, 81.07979, 272.252, 284.0656, 1.838353, 302.9322, 271.191, -79.24143, -30.68024, -12.87457, -104.2238, -96.72423, 144.1818, -184.6322, -123.4771, 95.98459, -80.40846, 26.75288, -48.1972, 2.876966
6, 8, 0.04918203, -0.06260006, -0.9968262, 0.009596919, -0.1166985, -0.993121, 183.5934, 177.1754, 141.8449, 186.7019, 179.4464, 175.2988, 3.108475, -2.27095, 33.45387, 0.2119267, 0.2183686, -0.9525766, 0.2176316, 0.03465111, -0.9754157, 167.0886, 167.4573, 44.1423, 177.9655, 167.4224, 80.95335, 10.87685, 0.03489685, 36.81105, -16.50482, 9.71814, -97.70259, -8.73645, 12.02399, -94.34541, 7.768372, -2.305847, 3.357178, 2.719919
7, 6, -0.05812288, -0.0646315, -0.9962151, 0.01229048, -0.1141356, -0.9933892, 183.712, 183.3391, 221.9649, 186.5543, 179.2912, 173.8539, 2.8423, 4.047913, -48.11105, 0.8252535, -0.147363, 0.5451979, 0.7698219, -0.1852416, 0.6107861, 344.8748, 56.54954, 100.1244, 343.1283, 51.57109, 103.5298, -1.74649, 4.978451, 3.405388, 161.1628, 126.7895, -121.8405, 156.574, 127.7201, -70.32407, -4.588791, -0.9305344, 51.51644, 3.128216
8, 7, 0.004032737, -0.04385921, -0.9990298, 0.00109705, -0.1155581, -0.9933001, 182.5138, 179.7687, 174.7466, 186.6358, 179.9367, 179.4561, 4.12204, -0.1679993, 4.709503, 0.4845825, 0.1778047, -0.8564844, 0.4487592, 0.0236497, -0.8933397, 168.2721, 150.4996, 69.85072, 178.4835, 153.3279, 86.98329, 10.21146, -2.828201, 17.13257, -14.2417, 29.26907, -104.8959, -8.152283, 26.60887, -92.47279, 6.089417, 2.660202, 12.42307, 2.931021
9, 8, -0.006176336, -0.1461222, -0.9892475, 7.071596E-06, -0.1102293, -0.9939061, 188.4024, 180.3577, 182.4203, 186.3285, 179.9996, 179.9963, -2.073883, 0.3581085, -2.424011, 0.223189, 0.4241022, -0.8776812, 0.2129722, 0.03187972, -0.9765381, 154.2098, 165.7324, 27.75614, 178.1302, 167.6971, 81.48663, 23.92039, -1.96463, 53.7305, -34.19261, 14.62527, -154.6642, -8.198334, 12.30254, -98.5097, 25.99428, 2.322739, 56.15451, 5.58567
10, 4, -0.01472958, -0.008912654, -0.9998518, 0.006991414, -0.115143, -0.9933243, 180.5107, 180.844, 238.8225, 186.612, 179.5967, 176.5253, 6.101318, 1.247253, -62.29718, 0.8656934, 0.2439924, -0.4370842, 0.8162002, 0.1985881, -0.5425679, 150.8285, 116.789, 74.25971, 159.8966, 123.6139, 76.32519, 9.068085, -6.824928, 2.065475, -29.68217, 64.05501, -164.5628, -26.71541, 55.98283, -100.2001, 2.966766, 8.072182, 64.36266, 3.008991
11, 7, 0.01675043, -0.1011818, -0.994727, -0.005228602, -0.1103116, -0.9938833, 185.808, 179.0353, 170.6001, 186.3334, 180.3014, 182.7137, 0.5253296, -1.266144, 12.11363, 0.6073216, 0.1785357, -0.7741355, 0.4478907, 0.02468996, -0.8937473, 167.0132, 141.8853, 73.61813, 178.4176, 153.3828, 86.84477, 11.40442, -11.49756, 13.22665, -18.79486, 37.15001, -96.98194, -7.915771, 26.91859, -95.86893, 10.87909, 10.23141, 1.113014, 3.087446
12, 1, 0.02081813, -0.04477105, -0.9987803, -0.006374553, -0.1128693, -0.9935893, 182.5666, 178.8059, 155.062, 186.4809, 180.3676, 183.2325, 3.914261, -1.561661, 28.17047, -0.5128623, 0.1503304, -0.845206, -0.4234502, 0.1937275, -0.884963, 169.9147, 211.2489, 286.3369, 167.6521, 205.5709, 294.584, -2.262558, 5.678085, 8.24704, -12.6519, -32.44302, 131.2749, -18.82872, -25.20328, 111.3515, -6.176819, -7.239746, -19.92343, 3.277405
13, 3, 0.04239418, -0.07332059, -0.9964072, 0.00676614, -0.1123642, -0.9936441, 184.2085, 177.5637, 149.9634, 186.4518, 179.6098, 176.554, 2.24324, -2.046143, 26.59065, 0.9770232, 0.05391452, 0.2062011, 0.9899338, -0.08093926, -0.1161027, 14.65285, 78.0826, 86.84148, 214.8817, 96.68928, 94.67424, 200.2289, -18.60668, 7.832756, -169.5557, 99.48111, -63.12189, 28.42995, 82.92057, -81.87979, 197.9856, 16.56054, -18.7579, 2.874774
14, 6, -0.02093435, -0.05204309, -0.9984256, -0.003721798, -0.113116, -0.9935748, 182.9838, 181.2012, 201.9125, 186.495, 180.2146, 181.8845, 3.511169, 0.9865265, -20.02798, 0.6200468, -0.1537805, 0.7693462, 0.7904772, -0.1834997, 0.5843574, 348.6964, 38.86673, 103.9291, 342.5667, 53.52647, 103.0691, -6.12973, -14.65974, -0.8600616, 165.7126, 142.3344, -97.98336, 156.0717, 126.6882, -78.81544, -9.6409, 15.64627, 19.16792, 3.167102
15, 5, 0.02708135, -0.06779572, -0.9973316, -0.01773799, -0.1143597, -0.993281, 183.8888, 178.4446, 158.2255, 186.5677, 181.0231, 188.8167, 2.678909, -2.578491, 30.5912, -0.4719552, -0.454796, 0.7552608, -0.2533068, -0.4434955, 0.8597368, 328.9449, 327.9991, 226.0607, 332.713, 343.5833, 209.7333, 3.768158, -15.58414, -16.32747, 145.0561, -149.5546, 67.83522, 146.1453, -162.5602, 20.91655, 1.089249, 13.00565, -46.91867, 3.186365
16, 0, 0.004859183, -0.1409758, -0.9900013, 0.003161542, -0.1139918, -0.9934766, 188.1044, 179.7188, 178.0259, 186.5455, 179.8177, 178.4113, -1.558899, -0.09889221, 0.3854065, -0.09321143, -0.4378328, -0.8942115, -0.1760956, -0.1568708, -0.9717931, 206.0878, 185.9509, 192.0184, 189.1698, 190.2709, 228.3045, -16.91795, -4.319992, 36.28604, 17.98335, -6.232162, 13.99251, 2.624298, -10.45326, 49.89314, -15.35905, 4.2211, 35.90063, 2.864998
17, 2, 0.02525378, -0.1122168, -0.9933628, 0.01405003, -0.1124684, -0.993556, 186.4452, 178.5437, 167.3172, 186.4583, 179.1898, 172.8793, 0.01309204, -0.6461029, 5.562057, -0.9334819, 0.3442662, 0.1004611, -0.8575684, 0.006710896, 0.5143262, 73.73211, 276.1425, 290.2439, 0.7475494, 300.9532, 270.4484, -72.98456, -24.81067, -19.7955, -112.7131, -97.5988, 122.9267, -185.7107, -121.7634, 97.56911, -72.99766, 24.16457, -25.35756, 3.109133
18, 3, -0.05424194, 0.007291378, -0.9985013, 0.01501957, -0.1201996, -0.9926361, 179.5816, 183.1094, 277.656, 186.9044, 179.1331, 172.8775, 7.322784, 3.976318, -104.7785, 0.9685316, 0.05884356, 0.2418347, 0.9896167, -0.08326733, -0.1171552, 13.67553, 75.98036, 86.52325, 215.4031, 96.7515, 94.8096, 201.7275, -20.77114, 8.286354, -165.9061, 107.1291, -191.1328, 28.49867, 82.38161, -78.06792, 194.4048, 24.74746, 113.0648, 3.019765
19, 0, 0.008939918, -0.02389413, -0.9996746, 0.000403058, -0.1159132, -0.9932593, 181.3692, 179.4876, 159.4868, 186.6563, 179.9768, 179.8008, 5.287079, -0.4891205, 20.31395, -0.1596048, -0.3336186, -0.9290991, -0.1832277, -0.160007, -0.9699615, 199.7521, 189.7474, 205.5667, 189.3673, 190.6972, 228.8703, -10.38478, -0.9498444, 23.3036, 18.38284, -10.25975, 46.07988, 2.710983, -10.72047, 49.06953, -15.67186, 0.4607239, 2.989655, 2.789048
20, 8, 0.06780738, -0.03363001, -0.9971317, 0.005690644, -0.1157835, -0.9932582, 181.9317, 176.1097, 116.3798, 186.6489, 179.6718, 177.1862, 4.717255, -3.562012, 60.80649, 0.2758979, 0.1852424, -0.9431677, 0.2143193, 0.03581012, -0.9761069, 168.8883, 163.6946, 56.12194, 177.899, 167.6163, 80.51421, 9.010666, -3.921738, 24.39227, -13.04338, 12.41513, -60.25782, -8.749969, 12.0554, -96.67204, 4.293411, 0.359726, -36.41422, 2.77454
21, 7, 0.04293734, -0.07483664, -0.996271, 0.01048761, -0.1124017, -0.9936075, 184.2958, 177.5322, 150.1551, 186.4541, 179.3953, 174.6695, 2.158325, -1.863068, 24.5144, 0.4794551, 0.2052516, -0.8532259, 0.4535411, 0.02318096, -0.8909338, 166.474, 150.667, 66.82455, 178.5096, 153.0211, 87.0741, 12.03561, -2.354095, 20.24956, -17.82184, 26.86523, -83.33051, -7.94455, 26.37421, -87.59536, 9.877289, 0.4910278, -4.264847, 3.096767
22, 2, 0.08589666, -0.022408, -0.9960523, 0.008938541, -0.1136659, -0.9934788, 181.2888, 175.0712, 104.621, 186.5269, 179.4845, 175.5036, 5.238174, -4.41333, 70.88261, -0.9387082, 0.3080289, 0.1547419, -0.8492141, 0.01372909, 0.5278702, 63.3268, 279.3608, 288.1668, 1.489839, 301.865, 270.9262, -61.83696, -22.50424, -17.2406, -117.962, -104.2896, 183.5458, -185.0371, -122.3805, 95.42262, -67.07513, 18.09091, -88.12321, 2.688574
23, 5, -0.02587635, -0.009129068, -0.9996235, 0.005978256, -0.1169833, -0.9931159, 180.5232, 181.4828, 250.5674, 186.7182, 179.6551, 177.0745, 6.194916, 1.827728, -73.49284, -0.4449332, -0.3516882, 0.82362, -0.2821344, -0.450944, 0.8467879, 336.8774, 331.6213, 231.6761, 331.9631, 341.5729, 212.0323, -4.914246, -9.951538, -19.64386, 156.3541, -150.1385, -18.89124, 145.245, -161.9178, 34.95775, -11.10916, 11.77927, 53.84898, 3.141373
24, 4, -0.03423001, -0.1120135, -0.993117, 0.008537497, -0.1165921, -0.9931432, 186.4352, 181.974, 196.9925, 186.6957, 179.5075, 175.812, 0.2605286, 2.466583, -21.18057, 0.815133, 0.2367154, -0.5287003, 0.8196198, 0.1957628, -0.538424, 155.8805, 122.9677, 73.80665, 160.0195, 123.3017, 76.56681, 4.139038, -0.3339767, 2.760162, -30.55472, 59.00635, -123.1859, -26.67621, 56.20579, -99.24516, 3.87851, 2.80056, 23.94073, 2.708235
25, 6, 0.02265523, -0.09736178, -0.9949912, -9.885996E-05, -0.1130699, -0.993587, 185.5887, 178.6956, 166.9009, 186.4923, 180.0057, 180.0501, 0.903595, -1.310059, 13.14922, 0.768068, -0.3168252, 0.556501, 0.775413, -0.1689457, 0.608434, 330.3464, 54.07492, 112.416, 344.4815, 51.88021, 102.2914, 14.13504, 2.194706, -10.12456, 144.7577, 124.6207, -54.48491, 157.9892, 128.1255, -77.75868, 13.23145, -3.504761, -23.27377, 3.310646
26, 1, 0.03089667, -0.004350582, -0.9995134, 0.003494535, -0.1160982, -0.9932316, 180.2494, 178.2295, 98.01516, 186.667, 179.7984, 178.2759, 6.417618, -1.568954, 80.26077, -0.3237506, 0.2845402, -0.9023429, -0.4221998, 0.1884097, -0.8867069, 162.4981, 199.7374, 311.3118, 168.0041, 205.4612, 294.0492, 5.505951, -5.723724, -17.26266, -17.75128, -21.50797, 213.2967, -18.66295, -25.66273, 115.7732, -0.9116669, 4.15477, -97.52342, 3.031362
