SubjectID, Experiment, Height, Gender, Age, RandomOrderId, TrialArray
00SC, full, 68", male, 25, 1, [5,1,3,4,0,2,8,6,7,8,4,7,1,3,6,5,0,2,3,0,8,7,2,5,4,6,1]
Trial, ObjectId, RealStartVectorX, RealStartVectorY, RealStartVectorZ, PerfectStartVectorX, PerfectStartVectorY, PerfectStartVectorZ, RealStartAngleX, RealStartAngleY, RealStartAngleZ, PerfectStartAngleX, PerfectStartAngleY, PerfectStartAngleZ, StartErrorX, StartErrorY, StartErrorZ, RealEndVectorX, RealEndVectorY, RealEndVectorZ, PerfectEndVectorX, PerfectEndVectorY, PerfectEndVectorZ, RealEndAngleX, RealEndAngleY, RealEndAngleZ, PerfectEndAngleX, PerfectEndAngleY, PerfectEndAngle, EndErrorX, EndErrorY, EndErrorZ, RealChangeX, RealChangeY, RealChangeZ, PerfectChangeX, PerfectChangeY, PerfectChangeZ, ChangeErrorX, ChangeErrorY, ChangeErrorZ, ElapsedTime
0, 5, 0.24463, -0.1634431, -0.9557421, 0.1604507, -0.09496825, -0.9824646, 189.7044, 165.6429, 123.7478, 185.5212, 170.7247, 120.6206, -4.183121, -5.081741, -3.127205, 0.9830782, 0.1454371, -0.1113809, 0.9670729, -0.1140423, -0.2275177, 127.4462, 96.46394, 81.58467, 206.6221, 103.2389, 96.72556, 79.17595, -6.774971, 15.14088, -62.25819, 69.17898, -42.16315, 21.10088, 67.48575, -23.89507, 83.35907, 1.69323, 18.26809, 123.0981
1, 1, -0.008687091, 0.102195, -0.9947266, -0.002843371, -0.1080067, -0.9941461, 174.1342, 180.5004, 355.1412, 186.2004, 180.1639, 181.508, 12.06624, 0.3364868, -173.6332, -0.5049267, 0.7009768, -0.5036672, -0.2773848, 0.732842, -0.6212891, 125.6981, 225.0715, 324.2341, 130.2906, 204.0592, 339.2681, 4.59256, 21.01239, 15.03397, -48.43613, -44.57118, -30.90714, -55.90981, -23.89528, 157.7601, -7.473679, -20.6759, 188.6672, 4.707918
2, 3, -0.2486288, 0.2562923, -0.9340762, 0.009467855, -0.1184278, -0.9929175, 164.6568, 194.9052, 315.8695, 186.8017, 179.4537, 175.4291, 22.14491, 15.45148, -140.4404, 0.06188253, -0.9975357, -0.03306111, -0.2104412, -0.8094133, 0.5482377, 268.1017, 118.1136, 176.4502, 304.1108, 339.0007, 194.5738, 36.00909, -220.887, 18.12363, 103.445, 76.79153, -139.4194, 117.3092, -159.547, 19.14467, 13.86418, 236.3385, 158.564, 3.321198
3, 4, -0.0005460176, 0.09772655, -0.9952133, 0.01395384, -0.1082156, -0.9940295, 174.3917, 180.0314, 359.6799, 186.2131, 179.1958, 172.6526, 11.82133, 0.8356781, -187.0273, 0.6274419, 0.4725341, 0.6188927, 0.5233477, 0.6938666, 0.4946275, 37.36229, 45.39302, 53.01616, 54.51657, 46.61607, 37.02536, 17.15428, -1.223049, -15.99079, -137.0294, 134.6384, -306.6637, -131.6965, 132.5797, -135.6272, 5.332947, 2.058731, 171.0365, 4.608752
4, 0, -0.07829535, 0.04895111, -0.9957278, -0.02610938, -0.1029883, -0.9943398, 177.1855, 184.496, 302.0141, 185.9133, 181.5041, 194.2258, 8.727753, 2.991867, -107.7883, -0.1688399, -0.1672996, -0.9713413, -0.1782675, -0.3592041, -0.9160748, 189.7725, 189.8607, 225.2626, 201.4108, 191.0121, 206.3945, 11.63826, -1.151382, -18.86806, 12.58694, -5.364716, -76.75151, 15.49745, -9.507965, 12.16872, 2.910507, 4.14325, 88.92023, 8.852704
5, 2, -0.06039673, -0.1604144, -0.9852004, -0.01675116, -0.09159105, -0.9956558, 189.248, 183.5081, 200.6316, 185.2559, 180.9639, 190.3643, -3.992096, 2.544205, -10.26724, -0.6448391, 0.1058364, 0.7569553, -0.9430135, -0.1083744, 0.3146118, 7.959412, 319.5728, 279.3208, 340.9927, 288.4499, 263.4441, 333.0333, 31.12289, -15.87665, -181.2886, -136.0647, 78.68919, 155.7368, -107.4861, 73.07979, 337.0254, -28.57869, -5.609406, 8.662032
6, 8, -0.01052269, 0.05331201, -0.9985225, 0.02615244, -0.1126191, -0.993294, 176.9438, 180.6038, 348.8345, 186.4685, 178.4918, 166.9265, 9.524704, 2.111969, -181.9081, 0.1876468, 0.6283949, -0.754923, 0.2062083, 0.01759853, -0.9783498, 140.2261, 166.0412, 16.6263, 178.9695, 168.0979, 85.122, 38.74335, -2.056671, 68.4957, -36.7177, 14.56256, -332.2082, -7.499054, 10.39392, -81.80448, 29.21864, 4.16864, 250.4037, 3.819917
7, 6, 0.07143095, 0.08332763, -0.993959, 0.01702917, -0.1118228, -0.9935822, 175.2079, 175.8895, 40.60418, 186.4213, 179.0181, 171.3411, 11.21347, -3.128586, 130.7369, 0.2559735, -0.9014344, -0.3491329, 0.3009628, -0.9274445, -0.221964, 248.8282, 143.7523, 164.1474, 256.5406, 126.4092, 162.0214, 7.712433, 17.34304, -2.126083, 73.62035, 32.13722, 123.5433, 70.11931, 52.60885, -9.319748, -3.501038, -20.47163, -132.863, 3.653018
8, 7, 0.1662415, 0.1731714, -0.9707602, 0.06168932, -0.1114255, -0.9918563, 169.8855, 170.2824, 43.83035, 186.4098, 176.441, 151.0294, 16.52422, -6.158585, 107.1991, 0.4539238, 0.5477886, -0.7027668, 0.3791156, 0.4663557, -0.7992395, 142.0645, 147.1412, 39.64677, 149.7365, 154.6229, 39.10878, 7.671951, -7.481705, -0.5379906, -27.82103, 23.14125, -4.183578, -36.67329, 21.81813, -111.9207, -8.852264, 1.32312, -107.7371, 3.719198
9, 8, -0.0576197, 0.1992194, -0.9782596, -0.0344542, -0.1101262, -0.9933202, 168.4893, 183.3708, 343.8687, 186.3264, 181.9866, 197.3729, 17.83705, 1.384277, -146.4958, 0.020316, 0.3550541, -0.934625, 0.2118916, 0.02503117, -0.9769726, 159.1987, 178.7548, 3.274862, 178.5323, 167.7629, 83.26276, 19.33359, 10.99188, 79.9879, -9.290558, 4.616074, -340.5938, -7.794022, 14.22368, -114.1101, 1.496536, -9.607605, 226.4837, 3.554864
10, 4, 0.07334573, 0.2650102, -0.9614521, 0.03008071, -0.1205576, -0.9922505, 164.5899, 175.6376, 15.47026, 186.9274, 178.2636, 165.99, 22.33752, -2.626022, 150.5198, 0.55178, 0.4102696, 0.7260975, 0.4544452, 0.6982794, 0.5530691, 29.46792, 37.23213, 53.36778, 51.61917, 39.40922, 33.05636, 22.15126, -2.177094, -20.31142, -135.122, 138.4054, 37.89752, -135.3083, 138.8544, -132.9337, -0.186264, -0.4489288, -170.8312, 3.655161
11, 7, -0.08416985, 0.1284618, -0.9881363, -0.07608449, -0.1102857, -0.9909835, 172.5929, 184.8687, 326.7667, 186.3503, 184.3904, 214.6012, 13.7574, 0.478363, -112.1655, 0.3313703, 0.3727683, -0.8667397, 0.364828, 0.4865428, -0.7938367, 156.7284, 159.0772, 41.63531, 148.4958, 155.3176, 36.86394, -8.232529, 3.759598, -4.771378, -15.86449, 25.79149, -285.1313, -37.85442, 29.07272, -177.7373, -21.98993, -3.281235, 107.3941, 3.598785
12, 1, 0.3947933, 0.368556, -0.8416086, 0.02029953, -0.1212616, -0.9924129, 156.3505, 154.869, 46.96855, 186.9664, 178.8282, 170.4966, 30.61586, -23.95917, 123.5281, -0.2513896, 0.7467082, -0.6158166, -0.2549923, 0.7491214, -0.6113886, 129.5127, 202.2063, 341.3935, 129.2193, 202.6396, 341.202, -0.293396, -0.4332581, -0.1914673, -26.83781, -47.33731, 294.4249, -57.74707, -23.8114, 170.7054, -30.90926, -23.52591, -123.7195, 3.597478
13, 3, -0.0385108, 0.09265579, -0.9949534, -0.005661297, -0.1145354, -0.993403, 174.6796, 182.2166, 337.4306, 186.5769, 180.3265, 182.8297, 11.89731, 1.890076, -154.6009, 0.3874094, -0.9149649, 0.1129307, -0.1110511, -0.9156513, 0.3863295, 277.0362, 73.74847, 157.0515, 292.8757, 343.9626, 186.9151, 15.83951, -270.2141, 29.86362, 102.3566, 108.4681, -180.3791, 106.2988, -163.6361, 4.085388, 3.9422, 272.1042, 184.4645, 3.320589
14, 6, -0.04564942, 0.2227054, -0.9738166, -0.02807559, -0.1231203, -0.9919946, 167.1183, 182.6839, 348.4162, 187.075, 181.6212, 192.8457, 19.95667, 1.062698, -155.5704, 0.379079, -0.847734, -0.3710076, 0.276166, -0.9483239, -0.1562503, 246.3636, 134.3835, 155.9074, 260.6437, 119.5005, 163.7637, 14.28015, 14.88299, 7.856293, 79.24524, 48.30038, -192.5088, 73.56873, 62.12067, -29.08206, -5.676514, -13.82029, 163.4267, 3.453874
15, 5, 0.02798101, 0.2372482, -0.9710462, -0.03211617, -0.1293747, -0.9910756, 166.2703, 178.3495, 6.72638, 187.4373, 181.856, 193.9414, 21.16698, -3.506577, 187.215, 0.9668162, 0.1063371, 0.2322909, 0.9892293, -0.1118573, -0.09441008, 24.59716, 76.48997, 83.72344, 229.8349, 95.45168, 96.45133, 205.2377, -18.96171, 12.72789, -141.6732, 101.8595, 76.99706, 42.39755, 86.40437, -97.49004, 184.0707, 15.45513, -174.4871, 2.964742
16, 0, -0.1086216, 0.1560341, -0.9817611, -0.1017442, -0.1165247, -0.9879626, 170.9693, 186.3135, 325.1567, 186.7266, 185.8798, 221.126, 15.75729, 0.4336853, -104.0307, -0.1144994, -0.2438357, -0.9630339, -0.175835, -0.3741196, -0.9105583, 194.2084, 186.7803, 205.1536, 202.3362, 190.9297, 205.1734, 8.127777, -4.149353, 0.01977539, 23.23907, -0.4668121, -120.0031, 15.60956, -5.04985, -15.95264, -7.629517, 4.583038, 104.0504, 3.887435
17, 2, -0.1360795, -0.2685656, -0.9536012, -0.02754473, -0.09803003, -0.9948022, 195.729, 188.1213, 206.8709, 185.6279, 181.586, 195.6944, -10.10109, 6.535278, -11.17645, -0.619673, 0.09788059, 0.7787328, -0.9070603, -0.08359464, 0.4126179, 7.164059, 321.4891, 278.976, 348.5471, 294.4606, 264.7345, 341.3831, 27.02856, -14.24152, -188.5649, -133.3678, 72.10513, 162.9192, -112.8745, 69.04007, 351.4841, -20.49329, -3.065063, 3.431542
18, 3, 0.1054864, -0.4755968, -0.8733159, 0.03505009, -0.06701867, -0.9971359, 208.5721, 173.1127, 167.4944, 183.8451, 177.9868, 152.3909, -24.72702, -4.87413, -15.10347, 0.3293958, -0.9437641, 0.02842245, -0.1623776, -0.8533026, 0.4954879, 271.725, 85.06835, 160.7598, 300.1425, 341.8554, 190.7742, 28.41748, -256.787, 30.01436, 63.15286, 88.04435, -6.734543, 116.2974, -163.8685, 38.38329, 53.1445, 251.9129, 45.11783, 2.942583
19, 0, -0.01313016, 0.2234372, -0.97463, 0.01225849, -0.1223169, -0.9924154, 167.0879, 180.7718, 356.6369, 187.0264, 179.2923, 174.277, 19.93848, 1.479538, -182.3599, -0.1824586, -0.4095545, -0.8938535, -0.1720262, -0.3627758, -0.9158607, 204.6168, 191.5371, 204.0132, 201.6087, 190.6379, 205.37, -3.008057, 0.8991394, 1.356827, 37.52888, -10.76523, -152.6237, 14.58235, -11.34563, 31.09306, -22.94653, 0.5803986, 183.7168, 3.255901
20, 8, -0.08086059, -0.5157695, -0.8529031, 0.06989441, -0.07033633, -0.9950716, 211.1623, 185.4158, 188.9101, 184.0432, 175.9821, 135.1806, -27.11908, 9.433716, -53.72955, 0.1027, 0.477694, -0.8725029, 0.2112727, 0.0222539, -0.9771738, 151.2994, 173.2867, 12.1334, 178.6954, 167.8, 83.98706, 27.39603, 5.486755, 71.85366, -59.86293, 12.12907, -176.7767, -5.347824, 8.182114, -51.1935, 54.51511, 3.94696, 125.5832, 3.45443
21, 7, 0.09704439, 0.4967802, -0.8624337, 0.005885669, -0.1348541, -0.990848, 150.0571, 173.5799, 11.05335, 187.7503, 179.6597, 177.5009, 37.69318, -6.079803, 166.4476, 0.5604973, 0.483061, -0.6726776, 0.3946066, 0.4807889, -0.7830247, 144.3172, 140.1978, 49.24381, 148.4494, 153.2541, 39.37738, 4.132202, -13.05629, -9.866428, -5.739899, 33.38205, 38.19046, -39.30087, 26.40556, -138.1235, -33.56097, 6.976486, -176.314, 3.252634
22, 2, -0.02429677, 0.04344795, -0.9987602, -0.0452797, -0.106649, -0.9932652, 177.5091, 181.3936, 330.7854, 186.1285, 182.6101, 203.0045, 8.6194, -1.216568, -127.7809, -0.6217345, 0.08239473, 0.7788821, -0.8804948, -0.09513109, 0.4644127, 6.038625, 321.4017, 277.5491, 348.4236, 297.8092, 263.8335, 342.3849, 23.59253, -13.71555, -171.4705, -140.0082, -53.23633, 162.2951, -115.1991, 60.82903, 333.7656, -24.8091, 114.0654, 4.298104
23, 5, 0.01932693, 0.08834492, -0.9959026, 0.02179725, -0.1146693, -0.9931645, 174.9306, 178.8882, 12.34, 186.5861, 178.7427, 169.2372, 11.65547, 0.1455078, 156.8972, 0.9968864, 0.07611247, 0.02060176, 0.9824606, -0.1020696, -0.1560543, 74.85437, 88.81609, 85.63393, 213.1873, 99.02547, 95.93128, 138.3329, -10.20939, 10.29736, -100.0763, 90.07214, 73.29393, 26.60117, 79.71725, -73.30589, 126.6774, 10.3549, -146.5998, 3.36584
24, 4, -0.0368605, 0.1177354, -0.9923608, -0.0207322, -0.1117305, -0.9935223, 173.2339, 182.1272, 342.6158, 186.4165, 181.1954, 190.512, 13.18251, 0.9317932, -152.1038, 0.6910703, 0.5125189, 0.5096531, 0.5220423, 0.6926168, 0.4977487, 45.16064, 53.59183, 53.43824, 54.2971, 46.36465, 37.00624, 9.136463, 7.22718, -16.432, -128.0733, 128.5354, -289.1775, -132.1194, 134.8308, -153.5057, -4.046051, -6.29538, 135.6718, 3.466497
25, 6, -0.07373854, 0.1293666, -0.9888514, -0.0318554, -0.1135, -0.9930272, 172.5466, 184.2646, 330.317, 186.5204, 181.8374, 195.6775, 13.97383, 2.427261, -134.6395, 0.3500199, -0.8028851, -0.4825575, 0.2993841, -0.9333259, -0.198171, 238.9929, 144.045, 156.4451, 258.0125, 123.5017, 162.2153, 19.01965, 20.54327, 5.770187, 66.44629, 40.21964, -173.8719, 71.49211, 58.33564, -33.46228, 5.045822, -18.116, 140.4097, 3.333428
26, 1, -0.006033645, 0.2497252, -0.9682981, 0.002640289, -0.1228164, -0.9924259, 165.5385, 180.357, 358.6159, 187.0547, 179.8476, 178.7685, 21.5162, 0.5094604, -179.8475, -0.3041707, 0.740168, -0.5996931, -0.2687005, 0.7555898, -0.5973977, 129.0148, 206.8946, 337.6599, 128.3312, 204.2175, 340.4238, -0.6835785, 2.677109, 2.763885, -36.52368, -26.53758, -20.95605, -58.72346, -24.36993, 161.6553, -22.19978, -2.167648, 182.6114, 3.553298
27, 0, -0.008361702, 0.1506273, -0.9885555, 0.01855804, -0.1199059, -0.9926118, 171.3364, 180.4846, 356.8226, 186.8879, 178.9289, 171.202, 15.55145, 1.55571, -185.6206, -0.09746948, -0.552909, -0.8275214, -0.1678971, -0.3599176, -0.9177526, 213.7489, 186.7176, 189.9977, 201.4138, 190.3673, 205.0085, -12.33513, -3.649643, 15.01082, 42.41248, -6.233002, -166.825, 14.52589, -11.43835, 33.80643, -27.88658, 5.205353, 200.6314, 4.008909
28, 2, 0.0124205, 0.06268506, -0.9979563, 0.01926261, -0.1138602, -0.99331, 176.4058, 179.2869, 11.2075, 186.5391, 178.889, 170.3978, 10.13333, 0.3979034, 159.1902, -0.6831708, -0.01310772, 0.730141, -0.9151131, -0.07938623, 0.3953048, 358.9715, 316.9035, 268.9008, 348.6447, 293.3631, 265.042, -10.32678, 23.54041, -3.858826, 182.5658, -137.6165, 257.6933, 162.1056, -114.474, 94.64424, -20.46011, -23.1425, -163.0491, 3.721361
29, 5, -0.0631343, 0.227758, -0.971669, -0.02855662, -0.1108686, -0.9934248, 166.8081, 183.7176, 344.5067, 186.368, 181.6465, 194.4438, 19.55991, 2.07103, -150.0629, 0.9963086, 0.06185056, -0.05952905, 0.9754474, -0.1058722, -0.1931154, 133.9043, 93.41933, 86.44765, 208.733, 101.1984, 96.19447, 74.82872, -7.77906, 9.746819, -32.90379, 90.29824, -258.059, 22.36502, 80.44815, -98.24933, 55.26881, 9.85009, 159.8097, 3.721087
