SubjectID, Experiment, Height, Gender, Age, RandomOrderId, TrialArray
00BB, flat, 61", male, 12, 1, [5,1,3,4,0,2,8,6,7,8,4,7,1,3,6,5,0,2,3,0,8,7,2,5,4,6,1]
Trial, ObjectId, RealStartVectorX, RealStartVectorY, RealStartVectorZ, PerfectStartVectorX, PerfectStartVectorY, PerfectStartVectorZ, RealStartAngleX, RealStartAngleY, RealStartAngleZ, PerfectStartAngleX, PerfectStartAngleY, PerfectStartAngleZ, StartErrorX, StartErrorY, StartErrorZ, RealEndVectorX, RealEndVectorY, RealEndVectorZ, PerfectEndVectorX, PerfectEndVectorY, PerfectEndVectorZ, RealEndAngleX, RealEndAngleY, RealEndAngleZ, PerfectEndAngleX, PerfectEndAngleY, PerfectEndAngle, EndErrorX, EndErrorY, EndErrorZ, RealChangeX, RealChangeY, RealChangeZ, PerfectChangeX, PerfectChangeY, PerfectChangeZ, ChangeErrorX, ChangeErrorY, ChangeErrorZ, ElapsedTime
0, 5, 0.002093082, 0.1215197, -0.992587, -0.03971148, -0.1344679, -0.9901219, 173.0202, 179.8792, 0.9867778, 187.734, 182.2968, 196.4531, 14.71381, -2.417587, 195.4663, -0.29765, -0.2643448, 0.9173474, -0.2705856, -0.7010132, 0.6598211, 343.925, 342.0234, 228.3915, 313.2662, 337.702, 201.1062, -30.65881, 4.321411, -27.28532, 170.9048, -162.1442, 227.4047, 125.5322, -155.4052, 4.653107, -45.37262, -6.738998, -222.7516, 4.664434
1, 1, 0.05136025, 0.06348102, -0.9966606, -0.009451986, -0.1275856, -0.9917825, 176.3555, 177.05, 38.9751, 187.3304, 180.546, 184.2369, 10.97488, -3.496002, 145.2618, -0.5087847, 0.361066, -0.7815173, -0.3953041, 0.1340373, -0.9087181, 155.2028, 213.065, 305.3619, 171.6093, 203.5097, 288.7305, 16.40654, 9.555313, -16.63147, -21.15279, -36.01497, 266.3868, -15.72113, -22.96365, 104.4935, 5.431656, -13.05132, -161.8933, 3.542791
2, 3, 0.09110402, 0.1912843, -0.9772976, -0.01792321, -0.1378707, -0.9902881, 168.9256, 174.6743, 25.46731, 187.9259, 181.0369, 187.4069, 19.00032, -6.362625, 161.9396, 0.985306, 0.1522907, -0.07733025, 0.9563412, -0.1208731, -0.2660848, 116.9206, 94.48757, 81.21378, 204.4306, 105.5483, 97.20348, 87.51006, -11.0607, 15.9897, -52.00504, 80.18668, 55.74647, 16.5047, 75.48861, -90.20342, 68.50974, 4.698074, -145.9499, 3.508873
3, 4, -0.02839154, 0.1019959, -0.9943796, -0.006229414, -0.1295273, -0.9915563, 174.1435, 181.6355, 344.4449, 187.4424, 180.36, 182.7534, 13.2989, 1.275513, -161.6915, 0.7547496, 0.2897187, -0.5885713, 0.7680219, 0.1581949, -0.6205776, 153.7917, 127.9479, 69.00017, 165.699, 128.9389, 78.36116, 11.90729, -0.9909973, 9.360992, -20.35179, 53.68753, -275.4448, -21.74341, 51.42102, -104.3923, -1.391617, 2.26651, 171.0525, 3.708838
4, 0, 0.03275843, 0.2276367, -0.973195, -0.001054339, -0.1352983, -0.9908044, 166.8348, 178.0721, 8.189024, 187.7759, 180.061, 180.4465, 20.94106, -1.988861, 172.2575, -0.1876089, 0.004696427, -0.9822327, -0.1674123, -0.1691298, -0.9712715, 179.726, 190.8134, 271.434, 189.878, 189.7796, 224.7076, 10.15196, 1.033768, -46.72638, 12.89122, -12.74129, 263.245, 2.102127, -9.718658, 44.26112, -10.78909, -3.022629, -218.9838, 3.275841
5, 2, -0.01767911, 0.1804475, -0.9834257, 0.003415514, -0.1305796, -0.9914319, 169.6025, 181.0299, 354.4044, 187.5031, 179.8026, 178.5017, 17.90059, 1.227295, -175.9027, -0.9709454, 0.0702429, 0.2287597, -0.9494838, -0.02380977, 0.3129115, 17.06962, 283.2574, 274.1378, 355.6487, 288.2401, 268.5635, 338.5791, -4.982758, -5.57431, -152.5329, -102.2275, -80.26654, 168.1456, -108.4375, 90.06186, 320.6785, 6.210052, 170.3284, 3.264893
6, 8, 0.01912003, 0.2370557, -0.9713079, -0.01115997, -0.1286607, -0.9916258, 166.2846, 178.8723, 4.611283, 187.3927, 180.6448, 184.9574, 21.10805, -1.772507, 180.3461, 0.288038, 0.3359759, -0.8967468, 0.2073241, 0.01650255, -0.9781331, 159.461, 162.1928, 40.60706, 179.0334, 168.0328, 85.44897, 19.57243, -5.839951, 44.84192, -6.823624, 16.67947, 35.99578, -8.359238, 12.61203, -99.50842, -1.535614, 4.067444, -135.5042, 3.254402
7, 6, 0.09228601, 0.07274639, -0.9930718, 0.01541205, -0.1250042, -0.9920365, 175.8103, 174.6908, 51.75231, 187.1819, 179.1099, 172.9713, 11.37151, -4.419174, 121.219, 0.8375773, -0.05266663, 0.5437743, 0.8783519, -0.2650037, 0.3978329, 354.4679, 57.00745, 93.59801, 326.3317, 65.63275, 106.7889, -28.13623, -8.625305, 13.19086, 178.6576, 117.6833, 41.8457, 139.1498, 113.4772, -66.18248, -39.50774, 4.206131, -108.0282, 3.986927
8, 7, 0.09808382, 0.22017, -0.9705178, 0.02877681, -0.1296439, -0.9911429, 167.2183, 174.2291, 24.01256, 187.4521, 178.3369, 167.4851, 20.2338, -4.107864, 143.4725, 0.6222104, 0.2322842, -0.747595, 0.4192914, 0.004184108, -0.9078421, 162.7395, 140.23, 69.52834, 179.7359, 155.2099, 89.42827, 16.9964, -14.97993, 19.89993, -4.47879, 33.9991, 45.51578, -7.716187, 23.12703, -78.05679, -3.237396, 10.87207, -123.5726, 3.464419
9, 8, 0.07041566, 0.1047388, -0.9920039, 0.03854128, -0.1261512, -0.991262, 173.9729, 175.9398, 33.91286, 187.2527, 177.7734, 163.0112, 13.27979, -1.833633, 129.0984, 0.358904, 0.2961847, -0.8851343, 0.2102336, 0.01682553, -0.9775063, 161.4987, 157.9284, 50.46892, 179.0139, 167.8622, 85.42422, 17.51523, -9.933777, 34.9553, -12.47421, 18.01134, 16.55606, -8.23877, 9.911194, -77.58699, 4.235443, 8.100143, -94.14305, 3.008356
10, 4, 0.06471939, 0.1163068, -0.9911026, 0.03749463, -0.1268761, -0.9912097, 173.3069, 176.2639, 29.09394, 187.2943, 177.8337, 163.5365, 13.98737, -1.569839, 134.4425, 0.9033141, 0.2721875, -0.3315685, 0.7556952, 0.1486837, -0.6378227, 140.6171, 110.1561, 73.23135, 166.8781, 130.1651, 78.86918, 26.26091, -20.00901, 5.637833, -32.68976, 66.10781, 44.13741, -20.41621, 47.66864, -84.66727, 12.27354, 18.43917, -128.8047, 3.175935
11, 7, 0.1223892, 0.1402965, -0.9825162, 0.03824724, -0.1271477, -0.9911461, 171.8735, 172.8994, 41.10017, 187.3102, 177.7901, 163.2582, 15.43668, -4.890701, 122.158, 0.5667207, 0.261934, -0.7811647, 0.4245825, 0.003608774, -0.905382, 161.4631, 144.0398, 65.19397, 179.7716, 154.8756, 89.51302, 18.30856, -10.8358, 24.31905, -10.41043, 28.85962, 24.0938, -7.538544, 22.91452, -73.74519, 2.871887, 5.945099, -97.83898, 2.876387
12, 1, 0.04686473, 0.1624832, -0.985598, 0.04493933, -0.121769, -0.9915406, 170.6386, 177.2777, 16.08905, 187.0013, 177.405, 159.7432, 16.36275, -0.1273041, 143.6542, -0.2711179, 0.3748611, -0.886552, -0.3272296, 0.1300649, -0.9359508, 157.0799, 197.0042, 324.1237, 172.0885, 199.2708, 291.6765, 15.00865, -2.266541, -32.44724, -13.55869, -19.72658, 308.0347, -14.91278, -21.86581, 131.9333, -1.354095, 2.139236, -176.1014, 2.975759
13, 3, 0.1387332, 0.1060075, -0.9846399, 0.04721802, -0.1244265, -0.9911047, 173.8551, 171.98, 52.61618, 187.1557, 177.2724, 159.219, 13.30051, -5.292419, 106.6028, 0.9919541, 0.126516, 0.004534589, 0.9338569, -0.1171915, -0.3379013, 87.94729, 89.73808, 82.73161, 199.1277, 109.8919, 97.15277, 111.1804, -20.15378, 14.42116, -85.90786, 82.24188, 30.11543, 11.97202, 67.38052, -62.06621, 97.87988, 14.86136, -92.18164, 3.49826
14, 6, 0.1134765, 0.08002828, -0.9903123, 0.02809563, -0.124067, -0.991876, 175.3799, 173.4632, 54.80695, 187.1297, 178.3775, 167.2403, 11.74982, -4.914322, 112.4333, 0.841828, -0.02802966, 0.5390176, 0.9199194, -0.2669417, 0.2872115, 357.0232, 57.3688, 91.90703, 317.0948, 72.66091, 106.1816, -39.92838, -15.29211, 14.27461, 181.6433, 116.0944, 37.10008, 129.9651, 105.7166, -61.05864, -51.67819, 10.37778, -98.15872, 3.631251
15, 5, -0.005487404, 0.1730764, -0.9848933, 0.006593618, -0.1263222, -0.9919673, 170.0331, 180.3192, 358.1841, 187.2573, 179.6192, 177.0121, 17.22415, 0.7000732, -181.172, -0.07504863, -0.08631528, 0.9934372, -0.3542996, -0.7198767, 0.5968663, 355.0343, 355.6798, 221.006, 309.6629, 329.3066, 206.2049, -45.3714, 26.3732, -14.8011, 185.0012, -175.3606, -137.1781, 122.4056, -149.6875, 29.19284, -62.59555, -25.67313, 166.3709, 3.453708
16, 0, 0.05767176, 0.1780637, -0.9823275, -0.02734257, -0.1227679, -0.9920588, 169.7257, 176.6401, 17.94625, 187.0545, 181.5788, 192.5558, 17.3288, -4.93869, 174.6096, -0.2302878, 0.04529402, -0.972068, -0.1703679, -0.1631808, -0.9717751, 177.3322, 193.3279, 281.1271, 189.5322, 189.9438, 226.2344, 12.2, 3.384125, -54.89275, 7.606476, -16.68788, 263.1809, 2.477676, -8.365067, 33.67854, -5.128799, -8.322815, -229.5023, 3.520463
17, 2, 0.09125243, 0.08143598, -0.9924925, -0.01930092, -0.1193087, -0.9926696, 175.3093, 174.7468, 48.25347, 186.8535, 181.1139, 189.1893, 11.5442, -6.36705, 140.9358, -0.987552, 0.1410847, 0.06954365, -0.9922728, -0.03006089, 0.1203787, 63.76033, 274.0281, 278.1304, 345.9789, 276.9171, 268.2648, 282.2186, -2.888977, -9.865662, -111.549, -99.2813, 229.877, 159.1254, -95.80322, 79.07547, 270.6743, -3.478073, -150.8015, 3.153713
18, 3, 0.07262327, 0.09603094, -0.9927257, -0.01667198, -0.1144672, -0.9932871, 174.4747, 175.816, 37.09834, 186.5738, 180.9616, 188.2868, 12.09909, -5.145645, 151.1884, 0.9707727, 0.1342553, 0.1989368, 0.9579501, -0.1371618, -0.2520283, 34.01401, 78.41893, 82.12608, 208.5564, 104.74, 98.14838, 174.5424, -26.32107, 16.02229, -140.4607, 97.39703, 45.02774, 21.98264, 76.22161, -90.1384, 162.4433, 21.17542, -135.1661, 3.0975
19, 0, 0.05868947, 0.1168788, -0.9914107, -0.03080588, -0.144911, -0.988965, 173.2764, 176.6122, 26.66304, 188.3361, 181.7842, 192.0016, 15.05977, -5.171997, 165.3385, -0.2370847, -0.04125015, -0.9706128, -0.1875441, -0.174192, -0.9666873, 182.4335, 193.7264, 260.13, 190.2148, 190.9794, 227.1139, 7.781235, 2.747055, -33.01608, 9.157196, -17.11427, 233.4669, 1.878662, -9.195221, 35.11234, -7.278534, -7.919052, -198.3546, 3.243083
20, 8, 0.0329866, 0.1700767, -0.9848788, -0.01694572, -0.1470134, -0.9889894, 170.2023, 178.0817, 10.97631, 188.4551, 180.9816, 186.5753, 18.25276, -2.899918, 175.599, 0.3374949, 0.3146026, -0.8871992, 0.1955416, 0.01838585, -0.980523, 160.4754, 159.1729, 47.01059, 178.9258, 168.7217, 84.62855, 18.45038, -9.548767, 37.61796, -9.726959, 18.90877, 36.03428, -9.529343, 12.25992, -101.9467, 0.1976166, 6.648849, -137.981, 3.509299
21, 7, 0.05064676, 0.05972063, -0.9969296, -0.01641773, -0.1393394, -0.9901085, 176.5718, 177.0917, 40.29999, 188.0107, 180.95, 186.7199, 11.43889, -3.858261, 146.4199, 0.5716377, 0.1206974, -0.8115804, 0.4215856, 0.005558235, -0.9067715, 171.541, 144.841, 78.07751, 179.6488, 155.0649, 89.24465, 8.107773, -10.22388, 11.16714, -5.030792, 32.25073, 37.77752, -8.361908, 25.88512, -97.47526, -3.331116, 6.365616, -135.2528, 3.154146
22, 2, 0.02227603, 0.1346851, -0.990638, -0.01971648, -0.1417089, -0.989712, 172.2577, 178.7118, 9.391329, 188.1483, 181.1413, 187.9209, 15.89069, -2.429428, 178.5296, -0.7804719, 0.05311839, 0.6229302, -0.895253, -0.02269164, 0.4449799, 4.873925, 308.595, 273.8935, 357.0807, 296.4294, 268.5481, 352.2068, 12.16559, -5.345428, -167.3837, -129.8831, 264.5022, 168.9324, -115.2881, 80.62714, 336.3161, -14.59502, -183.875, 2.998135
23, 5, 0.01778884, 0.1869213, -0.9822137, -0.02424507, -0.1501951, -0.9883591, 169.2251, 178.9624, 5.436327, 188.6408, 181.4052, 189.1698, 19.41568, -2.442795, 183.7335, -0.2211849, 0.0478661, 0.9740565, -0.261581, -0.5584805, 0.7871943, 2.813308, 347.2065, 282.2109, 324.6459, 341.6186, 205.0974, 321.8326, 5.58786, -77.11349, -166.4118, -168.244, 276.7746, 136.0051, -160.2134, 15.92764, 302.4169, -8.030655, -260.847, 3.431665
24, 4, 0.1218323, 0.2487672, -0.9608703, -0.007847471, -0.1529472, -0.9882032, 165.485, 172.7738, 26.09303, 188.798, 180.455, 182.9372, 23.31308, -7.681168, 156.8441, 0.7916036, 0.4130502, -0.4502811, 0.7786987, 0.1678424, -0.6045305, 137.4693, 119.6321, 62.44494, 164.4832, 127.8234, 77.83643, 27.01384, -8.191269, 15.39149, -28.01563, 53.14168, 36.35191, -24.31487, 52.63158, -105.1007, 3.70076, 0.5101013, -141.4527, 2.742594
25, 6, 0.05538419, 0.2004074, -0.978146, -0.02324268, -0.1466147, -0.9889206, 168.4212, 176.7593, 15.44856, 188.4331, 181.3464, 189.0081, 20.01189, -4.587082, 173.5595, 0.6555446, -0.06434426, 0.7524102, 0.8554646, -0.2384016, 0.4597226, 355.1121, 41.06432, 95.60585, 332.5898, 61.74663, 105.5721, -22.52231, -20.68231, 9.966286, 186.6909, 135.695, 80.15729, 144.1567, 119.5997, -83.43594, -42.53419, 16.09523, -163.5932, 2.964412
26, 1, 0.05778847, 0.2392046, -0.9692481, -0.01617339, -0.1364148, -0.9905198, 166.1368, 176.588, 13.58162, 187.8415, 180.9355, 186.7614, 21.7047, -4.347504, 173.1798, -0.3332024, 0.515673, -0.7893399, -0.3992352, 0.1345728, -0.9069186, 146.8436, 202.886, 327.1315, 171.5598, 203.7596, 288.6277, 24.71623, -0.873642, -38.50372, -19.29321, -26.298, 313.5498, -16.28168, -22.82414, 101.8663, 3.011536, -3.473862, -211.6835, 3.042825
