SubjectID, Experiment, Height, Gender, Age, LocomotionRandomOrderId, TrialArray
HAcontd, locima, , female, , 1, [see code]Trial, ObjectId, RealStartVectorX, RealStartVectorY, RealStartVectorZ, PerfectStartVectorX, PerfectStartVectorY, PerfectStartVectorZ, RealStartAngleX, RealStartAngleY, RealStartAngleZ, PerfectStartAngleX, PerfectStartAngleY, PerfectStartAngleZ, StartErrorX, StartErrorY, StartErrorZ, RealEndVectorX, RealEndVectorY, RealEndVectorZ, PerfectEndVectorX, PerfectEndVectorY, PerfectEndVectorZ, RealEndAngleX, RealEndAngleY, RealEndAngleZ, PerfectEndAngleX, PerfectEndAngleY, PerfectEndAngle, EndErrorX, EndErrorY, EndErrorZ, RealChangeX, RealChangeY, RealChangeZ, PerfectChangeX, PerfectChangeY, PerfectChangeZ, ChangeErrorX, ChangeErrorY, ChangeErrorZ, ElapsedTime
 
LOCOMOTION
 
IMAGINATION
 
LOCOMOTION
0, 5, 0.1260717, 0.2244533, -0.9662953, 0.03532037, 0.9757675, -0.2159406, 166.9231, 172.5667, 29.3222, 102.4786, 170.7107, 2.073061, -64.44448, 1.855988, -27.24914, 0.1260612, 0.2248173, -0.9662122, 0.1629206, 0.8444901, -0.5101896, 166.9015, 172.5667, 29.28055, 121.1378, 162.29, 10.91946, -45.76372, 10.27667, -18.36109, -0.02157593, 0, -0.04165459, 18.65919, 8.420685, 8.846399, 18.68076, -8.420685, 8.888054, 0.5541257
1, 2, 0.1262547, 0.2244368, -0.9662756, 0.03523, 0.9757589, -0.2159942, 166.9238, 172.5558, 29.3595, 102.4817, 170.7363, 2.067779, -64.44203, 1.81955, -27.29172, 0.1260664, 0.224616, -0.9662582, 0.8733135, 0.4337865, -0.2217042, 166.9135, 172.5667, 29.30345, 117.0712, 104.2445, 63.5858, -49.84232, 68.32217, 34.28234, -0.01029968, -0.010849, -0.05604935, 14.58942, 66.49178, 61.51802, 14.59972, -66.50262, 61.57407, 0.144377
2, 7, 0.1258875, 0.2246405, -0.9662759, 0.03527527, 0.9757372, -0.2160849, 166.9123, 172.5773, 29.26607, 102.4871, 170.7284, 2.07048, -64.42523, 1.848846, -27.19559, 0.1263188, 0.2242244, -0.9663163, -0.08762471, 0.9874976, -0.1310361, 166.9363, 172.5524, 29.39513, 97.55872, 213.7709, 354.9292, -69.37755, -41.21849, 325.5341, 0.0239563, 0.02484131, 0.1290588, -4.92836, -43.0425, 352.8587, -4.952316, 43.06734, 352.7297, 0.1556759
3, 1, 0.1262572, 0.2243999, -0.9662835, 0.03528728, 0.9757712, -0.2159289, 166.926, 172.5558, 29.364, 102.4779, 170.7187, 2.071112, -64.44804, 1.837036, -27.29289, 0.1261713, 0.224746, -0.9662143, 0.162911, 0.8444656, -0.5102331, 166.9056, 172.5602, 29.30965, 121.1407, 162.2924, 10.91914, -45.76486, 10.26787, -18.39051, -0.02038574, -0.004486084, -0.05435181, 18.66279, 8.426346, 8.848025, 18.68317, -8.430832, 8.902377, 0.1443779
4, 3, 0.1264835, 0.224627, -0.9662011, 0.03529679, 0.9757512, -0.2160179, 166.9121, 172.5419, 29.38309, 102.4832, 170.72, 2.071712, -64.42894, 1.821915, -27.31138, 0.1262828, 0.2246386, -0.9662248, 0.3237844, 0.9394382, 0.1123365, 166.9118, 172.5538, 29.34295, 83.18105, 70.86586, 19.0169, -83.73071, 101.688, -10.32605, -0.0003356934, -0.0118866, -0.04014778, -19.30211, 99.85416, 16.94518, -19.30177, -99.86604, 16.98533, 0.1338467
5, 0, 0.1263856, 0.2247388, -0.9661881, 0.03531386, 0.9757478, -0.2160305, 166.9056, 172.5475, 29.35194, 102.4839, 170.7161, 2.072721, -64.42173, 1.831406, -27.27922, 0.1261833, 0.224764, -0.9662087, -0.08761942, 0.9874936, -0.1310689, 166.9045, 172.5595, 29.31001, 97.56062, 213.7627, 354.9295, -69.34388, -41.20319, 325.6194, -0.001144409, -0.01194763, -0.04192352, -4.923294, -43.04654, 352.8568, -4.92215, 43.03459, 352.8987, 0.1447366
6, 8, 0.1261015, 0.2248445, -0.9662006, 0.03522581, 0.9757221, -0.2161608, 166.8999, 172.5642, 29.2854, 102.4915, 170.7444, 2.067612, -64.40834, 1.819824, -27.21778, 0.1261147, 0.2246578, -0.9662422, 0.8733091, 0.4336168, -0.2220532, 166.9109, 172.5638, 29.30827, 117.1168, 104.2661, 63.59462, -49.79411, 68.29767, 34.28635, 0.01104736, 0.0004425049, 0.02287102, 14.62527, 66.47829, 61.527, 14.61423, -66.47784, 61.50414, 0.1642453
7, 2, 0.1261364, 0.2244173, -0.9662954, 0.03533849, 0.9757587, -0.2159775, 166.9251, 172.5629, 29.33869, 102.4808, 170.7075, 2.074142, -64.44432, 1.855347, -27.26454, 0.1260246, 0.2244559, -0.966301, -0.08758706, 0.9874994, -0.131047, 166.923, 172.5694, 29.31277, 97.55932, 213.7573, 354.9314, -69.36372, -41.18788, 325.6186, -0.002090454, -0.006561279, -0.02591515, -4.921486, -43.04979, 352.8572, -4.919395, 43.04323, 352.8831, 0.1538468
8, 7, 0.1262763, 0.2245334, -0.9662502, 0.03523231, 0.9757442, -0.21606, 166.918, 172.5544, 29.35316, 102.4856, 170.7384, 2.067946, -64.43241, 1.815948, -27.28522, 0.126196, 0.2245804, -0.9662498, 0.1629059, 0.844469, -0.5102292, 166.9154, 172.5591, 29.33245, 121.1404, 162.2928, 10.91877, -45.77493, 10.26631, -18.41369, -0.002655029, -0.004669189, -0.02070808, 18.65482, 8.445694, 8.850821, 18.65748, -8.450363, 8.871529, 0.141919
9, 1, 0.1260124, 0.2247617, -0.9662314, 0.03527161, 0.9757274, -0.2161293, 166.9049, 172.5696, 29.27711, 102.4897, 170.7312, 2.070286, -64.41524, 1.838425, -27.20683, 0.1260214, 0.2246793, -0.9662495, 0.1536405, 0.9563713, 0.2484925, 166.9098, 172.5692, 29.28783, 75.435, 31.72811, 9.126555, -91.47479, 140.8411, -20.16128, 0.004867554, 0.0003967285, 0.0107193, -27.05469, 139.0031, 7.05627, -27.05956, -139.0027, 7.04555, 0.1231033
10, 4, 0.1262395, 0.2245936, -0.9662407, 0.03518164, 0.9757203, -0.2161762, 166.9145, 172.5565, 29.33947, 102.4924, 170.7564, 2.065024, -64.4221, 1.800034, -27.27444, 0.1261363, 0.2245551, -0.9662634, 0.2314169, 0.9250358, -0.3012556, 166.917, 172.5627, 29.32365, 108.0388, 142.4694, 14.04545, -58.87813, 30.09322, -15.2782, 0.002456665, -0.006195068, -0.01581955, 5.546432, 28.28699, 11.98043, 5.543976, -28.29318, 11.99625, 0.1583866
11, 3, 0.1260524, 0.2244571, -0.9662971, 0.0352427, 0.9757243, -0.2161483, 166.9229, 172.5678, 29.31805, 102.4908, 170.7395, 2.068597, -64.43212, 1.828308, -27.24945, 0.1262246, 0.2245784, -0.9662464, 0.1535981, 0.9563884, 0.2484529, 166.9154, 172.5574, 29.33822, 75.43746, 31.72511, 9.12392, -91.47796, 140.8323, -20.2143, -0.007492065, 0.01042175, 0.0201683, -27.05333, 139.0144, 7.055323, -27.04584, -139.004, 7.035155, 0.1668798
12, 5, 0.1263168, 0.2245094, -0.9662504, 0.03517172, 0.9757342, -0.2161153, 166.9194, 172.552, 29.36362, 102.4888, 170.7564, 2.064414, -64.43053, 1.795609, -27.2992, 0.1261008, 0.224715, -0.9662308, 0.8733571, 0.4335112, -0.2220711, 166.9075, 172.5645, 29.29934, 117.1243, 104.2664, 63.60143, -49.78321, 68.29803, 34.30209, -0.01182556, -0.01243591, -0.06427765, 14.6355, 66.48999, 61.53701, 14.64732, -66.50243, 61.60129, 0.1333009
13, 7, 0.1260436, 0.2246597, -0.9662511, 0.03521338, 0.9757258, -0.2161462, 166.9109, 172.568, 29.29427, 102.4907, 170.747, 2.066875, -64.42027, 1.820984, -27.22739, 0.1260594, 0.2247724, -0.9662229, 0.323736, 0.9394751, 0.1121681, 166.9042, 172.5668, 29.28507, 83.19143, 70.88981, 19.01356, -83.71278, 101.677, -10.27151, -0.006713867, 0.001144409, -0.009195328, -19.29922, 99.85717, 16.94669, -19.29251, -99.85603, 16.95588, 0.1436559
14, 3, 0.1260105, 0.2244031, -0.966315, 0.03519996, 0.9757181, -0.2161827, 166.9262, 172.5704, 29.31579, 102.4928, 170.752, 2.066104, -64.4334, 1.818405, -27.24969, 0.1260851, 0.2246474, -0.9662486, 0.2313805, 0.9250281, -0.3013072, 166.9116, 172.5655, 29.30365, 108.0419, 142.4785, 14.04344, -58.86971, 30.08698, -15.26021, -0.01461792, 0.004852295, -0.01214027, 5.549065, 28.27342, 11.97734, 5.563683, -28.26857, 11.98948, 0.1448619
15, 0, 0.1261649, 0.2248217, -0.9661977, 0.03518081, 0.9757066, -0.2162382, 166.9011, 172.5605, 29.30016, 102.496, 170.7592, 2.065005, -64.40505, 1.801239, -27.23515, 0.126161, 0.224642, -0.9662399, 0.3236558, 0.9395025, 0.1121692, 166.9118, 172.561, 29.31896, 83.19157, 70.88525, 19.00867, -83.72021, 101.6758, -10.31029, 0.01068115, -0.0005493164, 0.01880455, -19.30447, 99.87399, 16.94367, -19.31516, -99.87454, 16.92486, 0.1558394
16, 1, 0.1261455, 0.2245415, -0.9662652, 0.03518318, 0.975712, -0.2162136, 166.9178, 172.5621, 29.32691, 102.4946, 170.7576, 2.065133, -64.42316, 1.80452, -27.26178, 0.1260729, 0.2246198, -0.9662566, 0.005332741, 0.9105968, 0.4132614, 166.9132, 172.5663, 29.30429, 65.58975, 0.739306, 0.3355383, -101.3235, 171.827, -28.96875, -0.00453186, -0.004180908, -0.02261734, -36.90485, 170.0183, -1.729595, -36.90031, -170.0225, -1.706977, 0.1342237
17, 5, 0.126318, 0.2244089, -0.9662737, 0.03521685, 0.9757261, -0.2161445, 166.9253, 172.5521, 29.37481, 102.4906, 170.746, 2.067077, -64.43477, 1.806137, -27.30774, 0.1261262, 0.2247395, -0.9662218, -0.1532497, 0.9548646, 0.2544565, 166.906, 172.5629, 29.30161, 75.07834, 328.941, 350.8821, -91.8277, -156.3781, 321.5805, -0.01928711, -0.01077271, -0.07320595, -27.41222, -158.195, 348.8151, -27.39293, 158.1842, 348.8883, 0.1224212
 
IMAGINATION
0, 2, 0.1264569, 0.2247261, -0.9661816, 0.03509275, 0.9756804, -0.2163705, 166.9063, 172.5433, 29.36714, 102.5038, 170.7875, 2.059896, -64.40251, 1.755814, -27.30724, 0.1266285, 0.2246824, -0.9661693, -0.0877986, 0.987452, -0.131263, 166.9086, 172.5332, 29.40512, 97.57199, 213.7776, 354.9189, -69.33658, -41.24437, 325.5138, 0.002288818, 0.01010132, 0.03798676, -4.931778, -42.99008, 352.859, -4.934067, 43.00018, 352.821, 0.1886792
1, 3, 0.1267712, 0.2247051, -0.9661453, 0.03505741, 0.9756779, -0.2163875, 166.907, 172.5247, 29.43026, 102.5048, 170.7973, 2.057829, -64.40221, 1.727386, -27.37243, 0.1267044, 0.2246526, -0.9661664, 0.3236543, 0.9395148, 0.112071, 166.9102, 172.5288, 29.42306, 83.19756, 70.90068, 19.00836, -83.71265, 101.6281, -10.4147, 0.003234863, -0.004058838, -0.007202148, -19.3072, 99.89667, 16.95053, -19.31043, -99.90073, 16.95774, 0.1444014
2, 8, 0.126693, 0.2247417, -0.9661471, 0.03507065, 0.9756692, -0.2164247, 166.9049, 172.5293, 29.41114, 102.507, 170.7955, 2.058624, -64.39799, 1.733826, -27.35251, 0.1267468, 0.2248989, -0.9661036, 0.8733606, 0.4330738, -0.2229089, 166.8955, 172.5258, 29.40441, 117.2355, 104.318, 63.62454, -49.66003, 68.20784, 34.22013, -0.009414673, 0.003479004, -0.006731033, 14.72855, 66.47749, 61.56591, 14.73796, -66.47401, 61.57265, 0.1756805
3, 5, 0.1266126, 0.2248254, -0.9661384, 0.03506185, 0.9756804, -0.2163761, 166.9001, 172.5339, 29.38646, 102.5041, 170.7957, 2.058084, -64.39603, 1.73819, -27.32837, 0.1268545, 0.2248207, -0.9661075, -0.1533674, 0.9548682, 0.2543721, 166.9, 172.5196, 29.43376, 75.08311, 328.9131, 350.8753, -91.81686, -156.3936, 321.4415, -0.0001373291, 0.01434326, 0.04730225, -27.42097, -158.1174, 348.8172, -27.42084, 158.1318, 348.7699, 0.1432943
4, 1, 0.1269024, 0.2250302, -0.9660526, 0.03504555, 0.975667, -0.2164389, 166.8875, 172.5164, 29.42018, 102.5078, 170.8026, 2.057156, -64.37971, 1.713821, -27.36303, 0.1267578, 0.2248285, -0.9661183, 0.1627321, 0.8443192, -0.5105324, 166.8997, 172.5253, 29.41421, 121.16, 162.3203, 10.90928, -45.73969, 10.20497, -18.50493, 0.01219177, -0.00894165, -0.005970001, 18.65222, 8.482208, 8.852124, 18.64003, -8.49115, 8.858094, 0.1561095
5, 7, 0.1267869, 0.224877, -0.9661033, 0.03508135, 0.9756711, -0.2164146, 166.8968, 172.5235, 29.41455, 102.5064, 170.7923, 2.059247, -64.3904, 1.731171, -27.3553, 0.1271921, 0.2249546, -0.9660319, -0.0878231, 0.9874436, -0.1313101, 166.8914, 172.4993, 29.48435, 97.57475, 213.7755, 354.9175, -69.3167, -41.27615, 325.4331, -0.005310059, 0.02415466, 0.06979752, -4.93161, -42.98317, 352.8582, -4.9263, 43.00732, 352.7885, 0.1309373
6, 4, 0.1268538, 0.2251037, -0.9660417, 0.03500586, 0.9756631, -0.2164625, 166.8832, 172.5191, 29.40278, 102.5091, 170.8138, 2.054837, -64.37405, 1.705338, -27.34794, 0.1269586, 0.2248771, -0.9660807, 0.2312837, 0.9249915, -0.3014938, 166.8965, 172.5133, 29.44772, 108.053, 142.5072, 14.03833, -58.84348, 30.00607, -15.40939, 0.01325989, 0.00579834, 0.04494286, 5.543839, 28.30653, 11.9835, 5.530579, -28.30074, 11.93855, 0.1667274
7, 6, 0.1270368, 0.2247295, -0.9661049, 0.03501853, 0.9756485, -0.2165267, 166.9051, 172.5089, 29.47895, 102.5129, 170.8132, 2.05561, -64.39217, 1.695755, -27.42334, 0.1269423, 0.2246603, -0.9661332, 0.2313107, 0.9249825, -0.3015007, 166.9093, 172.5147, 29.46824, 108.0535, 142.5047, 14.04004, -58.8558, 30.01001, -15.4282, 0.004257202, -0.005722046, -0.01071358, 5.540619, 28.30853, 11.98443, 5.536362, -28.31425, 11.99514, 0.1222486
8, 1, 0.1270211, 0.2247231, -0.9661083, 0.03504062, 0.9756597, -0.2164724, 166.9055, 172.5099, 29.4766, 102.5097, 170.8052, 2.056882, -64.39576, 1.704666, -27.41971, 0.1269816, 0.2248691, -0.9660795, 0.005081605, 0.9106488, 0.41315, 166.8969, 172.512, 29.45303, 65.59679, 0.7046832, 0.3197188, -101.3001, 171.8073, -29.13331, -0.008590698, -0.002075195, -0.02356339, -36.91293, 170.1005, -1.737163, -36.90434, -170.1026, -1.7136, 0.1332845
9, 4, 0.1266813, 0.2248431, -0.966125, 0.03503964, 0.9756582, -0.2164793, 166.899, 172.5298, 29.39783, 102.5101, 170.8058, 2.056828, -64.38882, 1.724045, -27.341, 0.126759, 0.2247014, -0.9661478, -0.1533525, 0.954887, 0.2543107, 166.9072, 172.5255, 29.4283, 75.08684, 328.9095, 350.8763, -91.82037, -156.384, 321.448, 0.008255005, 0.004348755, 0.03047752, -27.4233, -158.1037, 348.8195, -27.43156, 158.1081, 348.789, 0.1332929
10, 0, 0.1267004, 0.2249234, -0.9661039, 0.03500324, 0.9756684, -0.2164391, 166.8941, 172.5285, 29.39277, 102.5078, 170.8135, 2.054672, -64.38639, 1.715073, -27.3381, 0.1268835, 0.2251699, -0.9660223, 0.3236538, 0.9395291, 0.1119518, 166.8792, 172.5172, 29.40131, 83.20483, 70.91951, 19.00807, -83.67439, 101.5977, -10.39324, -0.01493835, 0.01130676, 0.008537292, -19.30293, 99.89397, 16.9534, -19.28799, -99.88266, 16.94486, 0.1312579
11, 1, 0.1267464, 0.2248933, -0.9661049, 0.03499595, 0.9756605, -0.216476, 166.8959, 172.5259, 29.40495, 102.5099, 170.8169, 2.054261, -64.38593, 1.708969, -27.35069, 0.1267875, 0.2250831, -0.9660553, 0.8733671, 0.4328649, -0.2232886, 166.8845, 172.5231, 29.39221, 117.2865, 104.3413, 63.63571, -49.59807, 68.18183, 34.2435, -0.01133728, 0.002761841, -0.01273155, 14.77653, 66.47562, 61.58145, 14.78786, -66.47286, 61.59418, 0.1447982
12, 8, 0.1265911, 0.2252476, -0.9660426, 0.03495101, 0.9756402, -0.2165747, 166.8751, 172.5344, 29.33636, 102.5157, 170.8326, 2.051668, -64.35942, 1.701843, -27.28469, 0.1266702, 0.2250316, -0.9660828, -0.1278676, 0.6941391, -0.7083932, 166.8878, 172.5301, 29.37515, 135.5823, 190.2319, 349.5625, -31.3055, -17.70178, 320.1874, 0.01266479, 0.004302979, 0.03879547, 33.06659, -19.39932, 347.5109, 33.05392, 19.40363, 347.4721, 0.1568152
13, 6, 0.1267416, 0.2248745, -0.9661099, 0.03497081, 0.975645, -0.2165498, 166.897, 172.5262, 29.40606, 102.5142, 170.8265, 2.052819, -64.38274, 1.699738, -27.35324, 0.1267363, 0.2246822, -0.9661554, -0.1278192, 0.6941679, -0.7083736, 166.9084, 172.5269, 29.42601, 135.5803, 190.2284, 349.5668, -31.32808, -17.70155, 320.1408, 0.01139832, -0.0006561279, 0.01995277, 33.06606, -19.40195, 347.514, 33.05466, 19.40129, 347.494, 0.1330817
14, 2, 0.1267733, 0.2248627, -0.9661084, 0.03500217, 0.9756466, -0.2165375, 166.8976, 172.5243, 29.41348, 102.5135, 170.8179, 2.054655, -64.38409, 1.706467, -27.35883, 0.1267387, 0.2250338, -0.9660731, 0.005083587, 0.9106652, 0.4131139, 166.8875, 172.5261, 29.38814, 65.59907, 0.7050196, 0.3198377, -101.2885, 171.8211, -29.06831, -0.01010132, -0.001754761, -0.02533913, -36.91447, 170.1128, -1.734817, -36.90437, -170.1146, -1.709478, 0.1776163
15, 5, 0.1268128, 0.2249697, -0.9660783, 0.03498614, 0.9756433, -0.2165549, 166.8912, 172.5218, 29.40945, 102.5146, 170.8227, 2.053721, -64.37665, 1.699066, -27.35573, 0.1267366, 0.2250205, -0.9660764, 0.16267, 0.8442365, -0.5106889, 166.8883, 172.5262, 29.38919, 121.1702, 162.3317, 10.90626, -45.71807, 10.19449, -18.48293, -0.002883911, -0.004440308, -0.02025795, 18.65569, 8.490982, 8.852539, 18.65858, -8.495422, 8.872797, 0.1427117
16, 3, 0.1267492, 0.2249493, -0.9660915, 0.03500077, 0.9756388, -0.2165729, 166.8925, 172.5256, 29.39937, 102.5156, 170.8197, 2.054589, -64.37691, 1.705917, -27.34478, 0.1270271, 0.2250701, -0.9660268, 0.1626923, 0.8442257, -0.5106997, 166.8849, 172.5089, 29.4399, 121.1711, 162.3298, 10.90786, -45.71378, 10.17909, -18.53204, -0.007644653, 0.01669312, 0.04052925, 18.65549, 8.489868, 8.85327, 18.66314, -8.473175, 8.81274, 0.5445378
17, 0, 0.1269888, 0.2250691, -0.9660321, 0.03496063, 0.9756217, -0.2166567, 166.885, 172.5112, 29.43262, 102.5205, 170.8335, 2.052271, -64.36451, 1.677643, -27.38035, 0.1271349, 0.2249031, -0.9660515, -0.08787386, 0.9874233, -0.1314283, 166.8946, 172.5028, 29.47894, 97.58164, 213.767, 354.9145, -69.31297, -41.26414, 325.4355, 0.00958252, 0.008377075, 0.04632187, -4.938873, -42.93341, 352.8622, -4.948456, 42.94179, 352.8159, 0.554213
 
LOCOMOTION
18, 8, 0.1269701, 0.2254122, -0.9659546, 0.03479979, 0.9755828, -0.2168575, 166.8647, 172.5117, 29.39167, 102.5322, 170.8833, 2.042919, -64.33244, 1.628372, -27.34875, 0.127026, 0.225314, -0.9659701, -0.1537076, 0.9548894, 0.2540868, 166.8704, 172.5085, 29.41315, 75.09942, 328.8285, 350.8556, -91.771, -156.32, 321.4424, 0.005737305, 0.003143311, 0.02147675, -27.43282, -157.9452, 348.8127, -27.43856, 157.9484, 348.7912, 0.1444197
19, 0, 0.1269451, 0.2254931, -0.965939, 0.03482273, 0.9755773, -0.2168788, 166.8599, 172.513, 29.37807, 102.5335, 170.8783, 2.044276, -64.32644, 1.634735, -27.33379, 0.1269108, 0.2253254, -0.9659826, 0.004819114, 0.9107271, 0.4129806, 166.8699, 172.5154, 29.38966, 65.60749, 0.6685601, 0.3031779, -101.2625, 171.8468, -29.08648, 0.01000977, -0.002334595, 0.01159286, -36.92601, 170.2097, -1.741098, -36.93602, -170.2121, -1.752691, 0.1110815
20, 4, 0.1271485, 0.2256484, -0.965876, 0.03480574, 0.9755645, -0.2169389, 166.8504, 172.5007, 29.40041, 102.537, 170.8851, 2.043306, -64.31335, 1.61554, -27.35711, 0.1269073, 0.2255346, -0.9659342, -0.1537627, 0.9549, 0.2540135, 166.8575, 172.5152, 29.36626, 75.10369, 328.8121, 350.8525, -91.75385, -156.2969, 321.4862, 0.007171631, -0.01451111, -0.03415489, -27.43333, -157.927, 348.8092, -27.44051, 157.9125, 348.8433, 0.1222909
21, 2, 0.1268893, 0.2254445, -0.9659575, 0.0347591, 0.9755695, -0.216924, 166.8629, 172.5164, 29.37258, 102.5361, 170.8965, 2.04056, -64.32679, 1.619888, -27.33202, 0.1269309, 0.2254476, -0.9659514, 0.004777977, 0.9107328, 0.4129685, 166.8627, 172.5139, 29.38026, 65.60825, 0.6628731, 0.3005881, -101.2544, 171.8511, -29.07967, -0.0002593994, 0.002471924, 0.007677078, -36.92787, 170.2337, -1.739971, -36.92761, -170.2312, -1.747648, 0.1225181
22, 1, 0.1270388, 0.2256253, -0.9658958, 0.03477465, 0.9755717, -0.2169114, 166.8519, 172.5072, 29.38177, 102.5354, 170.892, 2.041467, -64.31654, 1.615219, -27.34031, 0.1270654, 0.2254444, -0.9659345, 0.8732616, 0.4325924, -0.2242272, 166.8626, 172.506, 29.40656, 117.3992, 104.4007, 63.64732, -49.46339, 68.10525, 34.24075, 0.01069641, 0.001251221, 0.02478981, 14.86384, 66.49128, 61.60585, 14.85314, -66.49003, 61.58106, 0.1326526
23, 2, 0.1270805, 0.2252327, -0.9659818, 0.03476281, 0.9755817, -0.2168684, 166.8752, 172.5054, 29.43251, 102.5329, 170.8933, 2.040752, -64.34229, 1.612167, -27.39176, 0.1269234, 0.2255083, -0.9659382, -0.1280905, 0.6937948, -0.7086901, 166.8591, 172.5143, 29.37223, 135.6085, 190.2452, 349.5397, -31.25058, -17.73091, 320.1674, -0.0160675, -0.00881958, -0.06027985, 33.07564, -19.3519, 347.4989, 33.09171, 19.34308, 347.5592, 0.1088529
24, 6, 0.1270164, 0.2253312, -0.9659674, 0.03474683, 0.9755777, -0.2168892, 166.8694, 172.5091, 29.40941, 102.5341, 170.8983, 2.039823, -64.33533, 1.610825, -27.36959, 0.127012, 0.2253337, -0.9659672, 0.1533276, 0.9565233, 0.2481006, 166.8693, 172.5093, 29.40829, 75.4592, 31.7163, 9.106853, -91.41008, 140.793, -20.30144, -0.0001373291, -0.0002441406, -0.001125336, -27.07488, 139.182, 7.06703, -27.07475, -139.1822, 7.068155, 0.1116891
25, 4, 0.1270449, 0.2253252, -0.9659649, 0.03470018, 0.9755593, -0.2169791, 166.8697, 172.5074, 29.41556, 102.5393, 170.914, 2.037125, -64.33038, 1.59343, -27.37844, 0.1271008, 0.2251161, -0.9660062, 0.3234876, 0.9396193, 0.1116757, 166.882, 172.5045, 29.44912, 83.22207, 70.95409, 18.99731, -83.65997, 101.5504, -10.45181, 0.01231384, 0.002944946, 0.03355789, -19.31727, 99.95988, 16.96019, -19.32958, -99.95694, 16.92663, 0.1352541
26, 6, 0.1270674, 0.225326, -0.9659618, 0.0347582, 0.9755692, -0.2169253, 166.8696, 172.5061, 29.41982, 102.5362, 170.8968, 2.040507, -64.33344, 1.609238, -27.37931, 0.1270372, 0.2254116, -0.965946, -0.128147, 0.6937584, -0.7087156, 166.8646, 172.5077, 29.40469, 135.611, 190.2492, 349.5346, -31.25357, -17.74153, 320.1299, -0.0050354, -0.001647949, -0.015131, 33.07484, -19.35242, 347.4941, 33.07987, 19.35077, 347.5092, 0.133118
27, 5, 0.1271211, 0.2253713, -0.9659441, 0.03476372, 0.9755658, -0.2169399, 166.8669, 172.5028, 29.42525, 102.5371, 170.896, 2.040838, -64.3298, 1.606796, -27.38441, 0.1271948, 0.2253092, -0.9659491, -0.08802241, 0.9873819, -0.1316398, 166.8704, 172.4985, 29.44623, 97.59401, 213.7691, 354.9057, -69.27641, -41.27057, 325.4595, 0.003555298, 0.004257202, 0.02098274, -4.943054, -42.87311, 352.8649, -4.946609, 42.87737, 352.8439, 0.1442388
28, 0, 0.1270761, 0.2253765, -0.9659489, 0.03470903, 0.9755739, -0.216912, 166.8666, 172.5054, 29.41601, 102.5354, 170.9089, 2.037613, -64.33124, 1.596512, -27.3784, 0.127142, 0.2253132, -0.965955, 0.2311162, 0.9249189, -0.3018447, 166.8703, 172.5017, 29.4356, 108.074, 142.5595, 14.02962, -58.79632, 29.94218, -15.40597, 0.003631592, 0.00378418, 0.01958466, 5.538551, 28.34946, 11.99201, 5.53492, -28.34567, 11.97243, 0.1108613
29, 6, 0.1271092, 0.2252593, -0.9659719, 0.03475661, 0.9755591, -0.2169715, 166.8735, 172.5037, 29.43516, 102.5389, 170.8991, 2.040435, -64.33463, 1.604568, -27.39472, 0.1270792, 0.2250435, -0.9660261, 0.2311665, 0.9249202, -0.3018025, 166.8864, 172.5059, 29.45286, 108.0716, 142.5496, 14.03254, -58.8148, 29.95628, -15.42032, 0.01283264, -0.002182007, 0.01770401, 5.532654, 28.34953, 11.9921, 5.519821, -28.35172, 11.9744, 0.1107798
30, 8, 0.1269561, 0.2253674, -0.9659668, 0.03472599, 0.975552, -0.2170079, 166.8674, 172.5126, 29.39383, 102.541, 170.9085, 2.038654, -64.32632, 1.60408, -27.35518, 0.1272355, 0.2254235, -0.9659171, 0.1533153, 0.9565235, 0.2481072, 166.8636, 172.4959, 29.44163, 75.45883, 31.71357, 9.106137, -91.40474, 140.7823, -20.33549, -0.003799438, 0.01667786, 0.04780197, -27.08221, 139.1949, 7.067483, -27.07841, -139.1783, 7.019681, 0.1433203
31, 4, 0.1271637, 0.225482, -0.9659129, 0.03472535, 0.9755617, -0.2169641, 166.8602, 172.5001, 29.42143, 102.5385, 170.9069, 2.038596, -64.32176, 1.593201, -27.38283, 0.1270885, 0.2254565, -0.9659286, -0.1281362, 0.6937267, -0.7087484, 166.8619, 172.5046, 29.40969, 135.6137, 190.2479, 349.535, -31.2482, -17.74335, 320.1253, 0.00163269, -0.004516602, -0.0117321, 33.0752, -19.34106, 347.4964, 33.07356, 19.33655, 347.5081, 0.1422611
32, 3, 0.1271435, 0.2253877, -0.9659373, 0.0347211, 0.975552, -0.2170088, 166.8659, 172.5014, 29.42778, 102.5411, 170.9098, 2.038367, -64.32477, 1.591629, -27.38942, 0.1270486, 0.2253758, -0.9659526, 0.1624636, 0.8440664, -0.5110359, 166.8667, 172.5071, 29.41078, 121.1926, 162.364, 10.89489, -45.67412, 10.14307, -18.51589, 0.000869751, -0.005645752, -0.0170002, 18.65152, 8.545792, 8.856527, 18.65065, -8.551437, 8.873528, 0.123569
33, 8, 0.1272214, 0.225523, -0.9658955, 0.03473423, 0.9755465, -0.217031, 166.8577, 172.4966, 29.4281, 102.5424, 170.9073, 2.039149, -64.31528, 1.589233, -27.38895, 0.1271956, 0.2254143, -0.9659243, -0.1281518, 0.6937147, -0.7087575, 166.8642, 172.4983, 29.43494, 135.6145, 190.249, 349.5336, -31.24965, -17.75072, 320.0987, 0.006500244, -0.001739502, 0.00684166, 33.07213, -19.34169, 347.4944, 33.06563, 19.33995, 347.4876, 0.1442778
34, 7, 0.1272911, 0.2254359, -0.9659066, 0.03473052, 0.9755483, -0.2170239, 166.8627, 172.4926, 29.451, 102.542, 170.908, 2.038927, -64.32075, 1.584579, -27.41207, 0.1273013, 0.2256324, -0.9658595, -0.1538397, 0.9548987, 0.2539719, 166.8511, 172.4916, 29.4316, 75.106, 328.7952, 350.848, -91.74506, -156.3036, 321.4164, -0.01167297, 0.0009460449, -0.01939964, -27.43599, -157.8872, 348.809, -27.42432, 157.8882, 348.8284, 0.16959
35, 6, 0.1271238, 0.2256691, -0.9658743, 0.03461626, 0.9755339, -0.2171066, 166.8492, 172.5021, 29.3934, 102.5468, 170.9408, 2.032255, -64.30239, 1.561295, -27.36114, 0.1271409, 0.2253346, -0.9659502, 0.004751458, 0.9107913, 0.4128397, 166.869, 172.5017, 29.43307, 65.61636, 0.6593999, 0.2989005, -101.2526, 171.8423, -29.13416, 0.01982117, 0.0004119873, 0.03966713, -36.93043, 170.2814, -1.733354, -36.95025, -170.281, -1.773022, 0.343953
 
IMAGINATION
18, 4, 0.08842668, -0.1753091, -0.9805344, 0.01307902, -0.0820285, -0.9965442, 190.1368, 174.8469, 153.2334, 184.7056, 179.2481, 170.9408, -5.431213, -4.401184, 17.70732, -0.03216839, -0.7380587, 0.6739692, -0.1107292, -0.2966667, -0.9485399, 312.4012, 357.2674, 182.4957, 197.3677, 186.6584, 200.4678, -115.0335, 170.609, 17.97215, 122.2644, -182.4205, 29.26224, 12.66211, -7.410294, 29.52707, -109.6023, -175.0102, 0.2648315, 13.57126
19, 6, 0.06100699, -0.05572324, -0.9965809, 0.01839812, -0.09183535, -0.9956042, 183.2003, 176.4969, 132.4083, 185.2701, 178.9413, 168.6714, 2.069778, -2.444397, 36.26315, 0.5885701, 0.7589743, -0.2784661, 0.5416601, 0.7268286, 0.4222848, 110.148, 115.3199, 37.7929, 59.84357, 52.05959, 36.69487, -50.30441, 63.26033, -1.09803, -73.05234, 61.17702, -94.6154, -125.4265, 126.8817, -131.9766, -52.37419, -65.70473, -37.36118, 7.696465
20, 8, 0.02148859, -0.2377253, -0.9710947, 0.01816153, -0.08162469, -0.9964977, 193.7556, 178.7323, 174.8349, 184.6827, 178.9559, 167.456, -9.07283, -0.223526, -7.378906, 0.7724146, 0.6293073, 0.08572128, 0.5691118, 0.7803625, 0.2591258, 82.24318, 83.66733, 50.82935, 71.63083, 65.51945, 36.10295, -10.61235, 18.14787, -14.7264, -111.5124, 95.06502, -124.0056, -113.0519, 113.4364, -131.3531, -1.53952, -18.3714, -7.347496, 8.04023
21, 3, 0.0375629, -0.2260901, -0.9733821, -0.01765475, -0.08294114, -0.9963981, 193.0764, 177.79, 170.567, 184.7584, 181.0151, 192.0166, -8.317993, -3.225052, 21.44958, -0.6511567, 0.6864892, -0.3236164, 0.4887171, 0.7652094, 0.4190587, 115.2396, 243.5732, 316.5131, 61.29316, 49.388, 32.56519, -53.94641, 194.1852, -283.9479, -77.8368, -65.78317, 145.9461, -123.4652, 131.6271, -159.4514, -45.62843, -197.4103, -305.3975, 8.271991
22, 7, 0.05520971, -0.2465806, -0.9675485, -0.001316333, -0.08234788, -0.9966028, 194.2975, 176.7342, 167.3795, 184.7235, 180.0757, 180.9158, -9.574005, -3.341507, 13.53625, 0.7647482, -0.6413298, -0.06209932, 0.9677521, -0.01952252, -0.2511469, 264.4694, 94.64236, 129.9837, 184.4449, 104.5482, 91.15568, -80.02451, -9.905861, -38.82804, 70.17183, 82.0918, -37.39583, -0.2786713, 75.52744, -89.76012, -70.4505, 6.564354, -52.3643, 7.128958
23, 2, 0.03065702, -0.1212714, -0.9921458, 0.03654238, -0.08923682, -0.9953399, 186.9688, 178.2301, 165.813, 185.1231, 177.8974, 157.731, -1.845657, 0.3327332, -8.082077, 0.1418622, -0.7344121, 0.6637123, 0.3154695, -0.8821142, -0.3497906, 312.1052, 12.06489, 169.0672, 248.3699, 137.9533, 160.3215, -63.73531, -125.8884, -8.745667, 125.1364, 166.1653, 3.25412, 63.24673, 39.94412, 2.59053, -61.88965, 126.2211, -0.6635895, 8.172735
24, 8, 0.1196816, -0.1254858, -0.9848502, 0.03150189, -0.08647399, -0.995756, 187.2613, 173.0712, 136.3562, 184.9633, 178.188, 159.9837, -2.298019, -5.116745, 23.62747, -0.4192061, -0.3838733, 0.8227439, -0.9564748, 0.0305812, 0.2902082, 334.9873, 333.0002, 227.5192, 6.015444, 286.8785, 271.8313, -328.9719, 46.12161, 44.31209, 147.7261, -159.9289, 91.16302, -178.9478, -108.6906, 111.8476, -326.6739, -51.23836, 20.68462, 8.773261
25, 1, 0.04466883, -0.05142477, -0.9976774, 0.05198776, -0.08874687, -0.9946966, 182.9507, 177.4364, 139.0216, 185.0984, 177.0082, 149.6383, 2.147766, 0.4282532, 10.61668, 0.8682544, 0.2907699, 0.401979, 0.4404283, 0.8028015, 0.4019113, 35.87995, 65.1571, 71.48481, 63.40581, 47.6181, 28.7498, 27.52586, 17.539, -42.73501, -147.0707, 112.2793, -67.53681, -121.6926, 129.3901, -120.8885, 25.3781, -17.11075, -53.35169, 11.06262
26, 5, 0.2085939, -0.1931894, -0.9587318, 0.1200815, -0.0821633, -0.9893582, 191.3928, 167.7253, 132.8043, 184.7474, 173.0797, 124.3811, -6.645477, -5.354385, -8.423256, -0.6741979, -0.736884, -0.04958993, 0.3697658, -0.8780727, -0.3037459, 266.15, 265.7932, 222.4564, 250.9183, 129.4016, 157.1635, -15.23169, 136.3917, -65.29283, 74.75716, -98.06795, 89.65202, 66.17094, 43.67812, 32.78245, -8.586212, -141.7461, -56.86958, 6.207172
27, 7, 0.04466115, -0.1707776, -0.9842971, 0.03136933, -0.08602495, -0.995799, 189.843, 177.4021, 165.3444, 184.9374, 178.1957, 159.9654, -4.905563, -0.7936249, -5.379013, -0.6880261, -0.377501, -0.6197686, 0.2464764, 0.05378575, -0.9676552, 211.3456, 227.9877, 241.2476, 176.8186, 165.7098, 77.68997, -34.52702, 62.27794, -163.5576, 21.50264, -50.58565, 75.90318, -8.11882, 12.48592, -82.27545, -29.62146, -63.07156, -158.1786, 6.508248
28, 3, 0.02351313, -0.04999837, -0.9984726, 0.03671056, -0.0846357, -0.9957355, 182.8667, 178.651, 154.8134, 184.8584, 177.8886, 156.5513, 1.991684, 0.7623901, 1.737885, 0.4316183, 0.6391279, 0.6365699, 0.4221707, 0.4541279, -0.7845634, 45.11489, 34.13874, 34.03209, 149.9365, 151.7155, 42.91144, 104.8216, -117.5767, 8.879345, -137.7518, 144.5122, -120.7813, -34.92186, 26.17313, -113.6399, 102.8299, 118.3391, 7.141464, 7.452436
29, 0, 0.07758538, -0.07496219, -0.9941636, 0.03364056, -0.08169248, -0.9960896, 184.3121, 175.5376, 134.0148, 184.6885, 178.0657, 157.6184, 0.3764343, -2.528061, 23.60353, -0.6950736, -0.63826, 0.330903, 0.05350182, -0.9501898, 0.3070453, 297.4043, 295.4577, 227.4399, 287.9078, 9.884396, 176.7773, -9.49649, 285.5733, -50.66263, 113.0922, -119.92, 93.42506, 103.2193, 168.1813, 19.15891, -9.872925, -288.1013, -74.26616, 9.229719
30, 7, -0.01096599, -0.1173569, -0.9930295, 0.04132324, -0.07936589, -0.9959887, 186.74, 180.6327, 185.3383, 184.556, 177.6242, 152.4955, -2.183975, 3.008514, -32.8428, -0.5596123, -0.4741605, 0.6797102, -0.9147033, 0.09428294, 0.3929739, 325.1007, 320.535, 229.7253, 13.49149, 293.2493, 275.885, -311.6092, 27.28577, 46.15964, 138.3607, -139.9023, 44.38705, -171.0645, -115.6251, 123.3895, -309.4252, -24.27725, 79.00244, 7.629594
31, 5, 0.05095876, -0.009872302, -0.9986522, 0.0429932, -0.0835227, -0.9955781, 180.5664, 177.0789, 100.9642, 184.7955, 177.5273, 152.7629, 4.229141, -0.4483948, 51.79877, -0.7442986, 0.5104282, 0.430677, -0.2198193, 0.7226306, -0.6553506, 49.84379, 300.0552, 304.4417, 132.2048, 198.5426, 343.0806, 82.36096, 101.5126, 38.63889, -130.7226, -122.9763, 203.4776, -52.59076, -21.01534, 190.3177, 78.13182, -101.961, -13.15988, 6.786518
32, 4, 0.109421, -0.1932859, -0.975022, 0.0527984, -0.07812669, -0.9955444, 191.2128, 173.5968, 150.4854, 184.4872, 176.9642, 145.949, -6.725632, -3.36734, -4.536392, -0.8547778, -0.509149, 0.1006108, 0.9855871, 0.04442266, -0.1632323, 281.178, 276.7131, 239.2198, 164.776, 99.40393, 87.4193, -116.402, 177.3091, -151.8005, 89.96518, -103.1162, 88.73444, -19.71117, 77.56024, -58.52969, -109.6763, -180.6765, -147.2641, 8.107181
33, 2, 0.008729519, -0.06239698, -0.9980134, 0.06256758, -0.08003596, -0.9948264, 183.5775, 179.4989, 172.0358, 184.5997, 176.4012, 141.9837, 1.022125, 3.097626, -30.05212, 0.9623301, -0.230005, 0.144978, -0.1526403, -0.3329802, -0.9304972, 302.2243, 81.43265, 103.442, 199.6898, 189.3159, 204.627, -102.5344, -107.8833, 101.185, 118.6467, 98.06621, -68.59383, 15.09019, -12.91469, 62.64331, -103.5565, 110.9809, 131.2372, 7.408486
34, 6, -0.005147664, -0.1181592, -0.9929816, 0.04357089, -0.07738832, -0.9960486, 186.786, 180.297, 182.4945, 184.4427, 177.4953, 150.6198, -2.343277, 2.801758, -31.87476, 0.9641384, -0.2590748, 0.0575982, -0.1189446, -0.9403995, 0.318592, 282.5343, 86.58118, 105.0407, 288.7155, 339.5272, 187.2087, 6.181244, -252.946, 82.16794, 95.74834, 93.71585, -77.45381, 104.2729, -162.0319, 36.58888, 8.524521, 255.7477, 114.0427, 9.773215
35, 0, 0.07150269, -0.03363525, -0.9968732, 0.0416011, -0.08990113, -0.9950815, 181.9325, 175.8974, 115.1926, 185.1624, 177.606, 155.168, 3.229935, -1.708679, 39.97546, 0.7965517, 0.5940154, -0.112478, 0.4022745, 0.4523639, -0.7959536, 100.7221, 98.03738, 53.28687, 150.3892, 153.188, 41.6458, 49.66703, -55.15061, -11.64107, -81.21033, 77.85999, -61.90568, -34.77324, 24.41806, -113.5222, 46.4371, 53.44193, -51.61654, 6.884858
