SubjectID, Experiment, Height, Gender, Age, LocomotionRandomOrderId, TrialArray
00JL, locima, 64", female, 15, 1, [see code]Trial, ObjectId, RealStartVectorX, RealStartVectorY, RealStartVectorZ, PerfectStartVectorX, PerfectStartVectorY, PerfectStartVectorZ, RealStartAngleX, RealStartAngleY, RealStartAngleZ, PerfectStartAngleX, PerfectStartAngleY, PerfectStartAngleZ, StartErrorX, StartErrorY, StartErrorZ, RealEndVectorX, RealEndVectorY, RealEndVectorZ, PerfectEndVectorX, PerfectEndVectorY, PerfectEndVectorZ, RealEndAngleX, RealEndAngleY, RealEndAngleZ, PerfectEndAngleX, PerfectEndAngleY, PerfectEndAngle, EndErrorX, EndErrorY, EndErrorZ, RealChangeX, RealChangeY, RealChangeZ, PerfectChangeX, PerfectChangeY, PerfectChangeZ, ChangeErrorX, ChangeErrorY, ChangeErrorZ, ElapsedTime
 
LOCOMOTION
0, 5, 0.05193435, -0.05735938, -0.9970019, 0.05741586, 0.0005344339, -0.9983502, 183.2927, 177.0181, 137.8417, 179.9693, 176.7085, 89.46671, -3.32338, 0.3096161, -48.37497, 0.1159358, 0.2747761, -0.9544932, 0.1950097, 0.07050519, -0.9782639, 163.9401, 173.0746, 22.87626, 175.8777, 168.7263, 70.12269, 11.93759, 4.348297, 47.24643, -19.35257, 3.943542, -114.9654, -4.091599, 7.982224, -19.34402, 15.26097, -4.038681, 95.62141, 6.718059
1, 2, 0.01729871, -0.06290582, -0.9978697, 0.02528719, -0.0004292936, -0.9996802, 183.6071, 179.0068, 164.6241, 180.0246, 178.551, 90.9726, -3.582535, 0.4558411, -73.65147, 0.2045991, -0.8625188, -0.4628184, 0.3730147, -0.8845896, -0.2799309, 241.7825, 156.1511, 166.6555, 252.4399, 126.8866, 157.1358, 10.65741, 29.26454, -9.519684, 58.17532, 22.85571, 2.031387, 72.41527, 51.66441, 66.16317, 14.23994, -28.8087, 64.13178, 6.6084
2, 7, -0.03290623, -0.05091761, -0.9981607, 0.01267234, -0.0001811838, -0.9999197, 182.9202, 181.8882, 212.8731, 180.0104, 179.2739, 90.81914, -2.909836, 2.614258, -122.054, -0.4609614, 0.590995, -0.6619967, -0.2650253, 0.7596497, -0.5938805, 138.2433, 214.8503, 322.0467, 128.0177, 204.0493, 340.7672, -10.22559, 10.80095, 18.72058, -44.67696, -32.96208, 109.1735, -51.99271, -24.77539, 249.9481, -7.31575, -8.186691, 140.7746, 6.696488
3, 1, -0.03629552, -0.08285396, -0.9959005, -0.01316304, 5.522171E-05, -0.9999133, 184.7558, 182.0872, 203.6566, 179.9968, 180.7542, 270.2404, -4.758926, 1.333008, 66.58376, -0.01681527, 0.3521659, -0.9357867, 0.1853913, 0.07157448, -0.9800547, 159.3771, 181.0294, 357.2663, 175.823, 169.2883, 68.88979, 16.44594, 11.74117, -288.3765, -25.37866, 1.057785, 153.6097, -4.173798, 11.46594, -201.3506, 21.20486, -10.40816, -354.9603, 6.307996
4, 3, -0.03963553, -0.06404412, -0.9971596, -0.03423318, -0.001523521, -0.9994127, 183.6749, 182.2762, 211.7525, 180.0873, 181.9618, 267.4518, -3.587524, 0.3144073, 55.69931, 0.567686, 0.08257089, 0.8190938, 0.9371411, 0.01542822, -0.3486095, 5.756403, 34.72451, 81.72427, 177.466, 110.4048, 89.05682, 171.7095, -75.68031, 7.332558, -177.9185, 147.5517, -130.0282, -2.621384, 71.55698, -178.395, 175.2971, 75.99471, -48.36676, 6.852185
5, 0, -0.03079462, -0.07829461, -0.9964545, 0.03551891, 0.001231853, -0.9993683, 184.4927, 181.7701, 201.4706, 179.9294, 177.9645, 88.01369, -4.563309, 3.805618, -113.4569, -0.2848998, 0.642495, -0.7113597, -0.2248674, 0.7545108, -0.6165615, 137.9119, 201.8261, 336.0862, 129.2546, 200.0375, 343.4043, -8.657318, 1.788605, 7.318146, -46.58081, -20.05602, 134.6156, -50.67482, -22.07303, 255.3906, -4.094009, 2.017014, 120.775, 5.886434
6, 8, 0.01928564, -0.1448523, -0.9892655, 0.008573955, 0.003296479, -0.9999578, 188.3303, 178.8832, 172.4162, 179.8111, 179.5087, 68.96945, -8.51915, -0.6255798, -103.4468, 0.2865284, -0.7399224, -0.6086187, 0.3391471, -0.9006482, -0.2716836, 230.5612, 154.7897, 158.8315, 253.2139, 128.6975, 159.3657, 22.65268, 26.09218, 0.5341492, 42.23093, 24.09351, -13.5847, 73.40276, 50.81126, 90.39624, 31.17183, -26.71776, 103.9809, 6.785596
7, 2, 0.06561999, -0.01906814, -0.9976626, 0.010069, -0.001941208, -0.9999474, 181.095, 176.2369, 106.203, 180.1112, 179.4231, 100.9122, -0.9837189, -3.186218, -5.290833, -0.1811285, 0.5280449, -0.8296753, -0.2382304, 0.7591593, -0.6057421, 147.5254, 192.3152, 341.0671, 128.5868, 201.4691, 342.5777, -18.9386, -9.1539, 1.510559, -33.56958, -16.07831, 234.8641, -51.52446, -22.04599, 241.6655, -17.95488, 5.967682, 6.801392, 6.453021
8, 7, 0.008809386, -0.1228081, -0.9923913, 0.02581733, 0.003390439, -0.9996609, 187.0545, 179.4914, 175.897, 179.8057, 178.5206, 82.51849, -7.248795, 0.9708099, -93.37854, 0.3104997, 0.3545029, -0.8819965, 0.1898615, 0.07047628, -0.9792781, 158.1032, 160.6058, 41.21425, 175.8837, 169.0277, 69.63516, 17.78044, -8.42189, 28.42091, -28.95126, 18.88562, -134.6828, -3.922028, 9.49292, -12.88333, 25.02924, 9.3927, 121.7995, 6.063877
9, 1, 0.01498602, -0.1244489, -0.9921129, 0.02086733, -0.0002247652, -0.9997823, 187.1497, 179.1346, 173.1336, 180.0129, 178.8043, 90.61712, -7.136856, 0.330307, -82.51644, 0.7067255, 0.1482086, 0.69179, 0.4117345, 0.8212686, 0.3949589, 12.09221, 45.61187, 78.15604, 64.31648, 46.19132, 26.62642, 52.22427, -0.5794563, -51.52962, -175.0575, 133.5228, -94.97752, -115.6964, 132.613, -63.9907, 59.36113, 0.9097748, 30.98682, 10.14992
10, 4, 0.02539603, -0.07422525, -0.996918, 0.01631222, 0.001331266, -0.9998661, 184.2581, 178.5407, 161.1117, 179.9237, 179.0653, 85.33434, -4.334366, -0.5245972, -75.77738, 0.5169144, 0.3397003, -0.7857501, 0.3542861, 0.5024725, -0.7886716, 156.6199, 146.6606, 56.6883, 147.4983, 155.8095, 35.18711, -9.121643, -9.148834, -21.50119, -27.63817, 31.8801, -104.4234, -32.42545, 23.25586, -50.14723, -4.787277, 8.624237, 54.27618, 6.696773
11, 3, 0.01969951, -0.08151866, -0.9964772, 0.01833459, 0.00108096, -0.9998313, 184.6768, 178.8675, 166.4146, 179.9381, 178.9494, 86.6259, -4.738708, -0.08198547, -79.78865, 0.5530171, 0.4796255, 0.681272, 0.4874375, 0.8118021, 0.3215308, 35.14611, 39.06769, 49.06527, 68.39294, 56.58976, 30.98224, 33.24684, -17.52207, -18.08303, -149.5307, 139.7998, -117.3493, -111.5451, 122.3597, -55.64366, 37.98555, 17.44008, 61.70562, 6.896706
12, 5, 0.07486613, -0.08204009, -0.9938133, -0.0366158, 0.001925541, -0.9993276, 184.7191, 175.6919, 137.6178, 179.8896, 182.0984, 273.0103, -4.829498, -6.406479, 135.3925, 0.3369661, -0.7427481, -0.5786011, 0.299574, -0.9138951, -0.2739548, 232.0814, 149.7843, 155.5974, 253.313, 132.4423, 161.8509, 21.23166, 17.34198, 6.253479, 47.36229, 25.90762, 17.97958, 73.42345, 49.65608, -111.1594, 26.06116, -23.74846, -129.139, 6.674056
13, 7, -0.03480555, -0.1223387, -0.9918779, -0.03577748, 0.002034419, -0.9993577, 187.0314, 182.0097, 195.8811, 179.8834, 182.0503, 273.2545, -7.14801, -0.04063416, 77.3734, 0.9356208, 0.2474062, 0.2518012, 0.9653324, 0.01070707, -0.2608038, 44.49558, 74.93704, 75.18829, 177.6491, 105.1186, 89.36452, 133.1535, -30.1816, 14.17623, -142.5358, 107.0727, -120.6928, -2.234268, 76.93169, -183.89, 140.3015, 30.14097, -63.19716, 5.862848
14, 3, 0.0002604944, -0.01954409, -0.9998091, -0.03316152, -0.0009455003, -0.9994496, 181.1199, 179.9851, 179.2364, 180.0542, 181.9004, 268.3668, -1.065659, -1.915283, 89.13045, 0.4888164, 0.2018995, -0.8487021, 0.366138, 0.5061855, -0.7808452, 166.6185, 150.0599, 67.55754, 147.0465, 154.8781, 35.87925, -19.57198, -4.818253, -31.67829, -14.50134, 29.92519, -111.6788, -33.00766, 27.02222, -232.4876, -18.50632, 2.902969, -120.8087, 7.296214
15, 0, -0.0585563, -0.2011536, -0.9778079, -0.05228665, 0.009474108, -0.9985871, 191.6246, 183.4271, 196.2304, 179.4564, 182.9973, 280.2703, -12.16823, 0.4297791, 84.03992, 0.8586487, 0.229659, 0.4582349, 0.9164628, 0.01920376, -0.3996589, 26.61919, 61.9125, 75.02586, 177.249, 113.5615, 88.79959, 150.6299, -51.64896, 13.77374, -165.0055, 121.5146, -121.2046, -2.207382, 69.43584, -191.4707, 162.7981, 52.07874, -70.26618, 5.973962
16, 1, -0.08674221, -0.1320288, -0.9874432, -0.02503772, 0.003257068, -0.9996812, 187.6157, 185.0203, 213.3047, 179.8133, 181.4347, 277.4118, -7.802383, 3.585571, 64.10707, -0.2963639, -0.772266, 0.5619375, -0.1348969, -0.9720106, 0.1923496, 306.0414, 332.193, 200.9947, 281.1935, 324.9576, 187.9011, -24.84787, 7.235382, -13.09363, 118.4257, -147.1727, -12.30997, 101.3802, -143.5229, -89.51067, -17.04549, -3.649811, -77.2007, 6.540367
17, 5, -0.08151273, -0.1713912, -0.9818254, 0.00694924, 0.006310609, -0.999956, 189.902, 184.7459, 205.4355, 179.6384, 179.6018, 47.75739, -10.26358, 5.144058, -157.6781, -0.8973501, 0.08462112, 0.4331305, -0.9765174, 0.09078842, 0.1953747, 11.05468, 295.7656, 275.3871, 24.92377, 281.3139, 275.3116, 13.86908, 14.45163, -0.07550049, -178.8473, -111.0197, 69.95161, -154.7146, -101.7121, 227.5542, 24.13266, -9.307571, 157.6026, 6.863568
 
IMAGINATION
0, 2, -0.1052554, -0.2341984, -0.9664744, -0.0522198, 0.01042316, -0.9985812, 193.6215, 186.2154, 204.2005, 179.402, 182.9935, 281.288, -14.21951, 3.221878, 77.08749, 0.71969, 0.5447177, -0.4304986, -0.314904, 0.737295, -0.5976886, 128.3199, 120.8867, 52.87872, 129.03, 207.7834, 336.8723, 0.7101288, -86.89668, 283.9936, -65.30162, 65.32867, -151.3218, -50.37198, -24.78989, 55.58432, 14.92964, 90.11856, 206.9061, 8.239989
1, 3, -0.08369325, -0.1211989, -0.9890938, -0.08860134, 0.004876593, -0.9960552, 186.9859, 184.8366, 214.6268, 179.7195, 185.0832, 273.1504, -7.266434, -0.246582, 58.52354, -0.9178055, 0.2127877, 0.3351931, 0.9451572, 0.02057656, -0.3259672, 32.40825, 290.0628, 283.0531, 176.388, 109.0284, 88.75284, 143.9798, 181.0344, -194.3002, -154.5777, -105.2262, 68.42625, -3.331467, 76.05483, -184.3975, 151.2462, -181.281, -252.8238, 8.728802
2, 8, -0.08199459, -0.08489536, -0.9930104, -0.07892442, 0.004098184, -0.9968722, 184.8865, 184.7203, 224.0042, 179.7645, 184.5268, 272.9724, -5.12204, 0.193512, 48.96822, 0.3111753, -0.7892801, -0.5293458, 0.2910541, -0.910834, -0.2926925, 236.1515, 149.5509, 158.4831, 252.1854, 135.1608, 162.2789, 16.03395, 14.39009, 3.795822, 51.26497, 35.16939, -65.52116, 72.42096, 49.36597, -110.6936, 21.15599, -14.19658, -45.17239, 6.397809
3, 5, -0.09372912, 0.01948721, -0.995407, -0.08082359, 0.0002844558, -0.9967284, 178.8785, 185.3792, 281.745, 179.9837, 184.6359, 270.2017, 1.105194, 0.7433167, -11.54337, 0.4060208, 0.1890222, 0.8941016, -0.9813131, 0.07012056, 0.1791863, 11.93714, 24.42329, 65.03577, 21.37178, 280.3481, 274.0872, 9.434639, -255.9248, 209.0514, -166.9413, 160.9559, -216.7093, -158.6119, -95.71222, 3.885498, 8.329437, 256.6682, 220.5948, 7.641037
4, 1, -0.3984247, -0.07509172, -0.9141222, -0.04027879, 0.002900815, -0.9991843, 184.6961, 203.5502, 259.3266, 179.8337, 182.3084, 274.1192, -4.862427, 21.24179, 14.79266, 0.6456825, 0.3598267, -0.6735125, 0.1322864, 0.07316713, -0.9885074, 151.8865, 136.2085, 60.8699, 175.7668, 172.3777, 61.05318, 23.88034, -36.16917, 0.1832809, -32.80962, 67.34167, -198.4567, -4.066849, 9.93071, -213.066, 28.74277, 57.41096, -14.60938, 7.63995
5, 7, -0.06983311, -0.004256896, -0.9975496, -0.0624887, -0.0008477295, -0.9980453, 180.2445, 184.0044, 266.5117, 180.0487, 183.5827, 269.2228, -0.1958466, 0.4217682, 2.711121, -0.9130062, 0.3939936, 0.1057765, -0.263629, 0.7568381, -0.5980768, 74.97202, 276.6086, 293.3419, 128.3169, 203.7876, 340.7953, 53.34486, 72.82092, 47.4534, -105.2725, -92.60411, 26.8302, -51.73178, -20.20496, 71.57248, 53.54071, -72.39915, 44.74228, 7.03988
6, 4, -0.3045919, -0.01473149, -0.9523693, -0.07337783, -3.230761E-05, -0.9973043, 180.8862, 197.7356, 267.2311, 180.0018, 184.208, 269.9748, -0.8843536, 13.52757, 2.743683, 0.01671021, 0.4709914, 0.8819795, 0.3342465, 0.4991956, -0.7994267, 28.10294, 1.085411, 2.031934, 148.0176, 157.3098, 33.80508, 119.9147, -156.2244, 31.77315, -152.7833, 196.6502, -265.1992, -31.98422, 26.89821, -236.1697, 120.799, 169.752, 29.02948, 8.585855
7, 6, -0.1132165, 0.0167512, -0.9934294, -0.1135592, -0.001563241, -0.99353, 179.034, 186.5017, 278.4163, 180.0901, 186.5205, 269.2113, 1.056183, -0.0188446, -9.204956, 0.5580857, 0.4970098, -0.6644712, 0.3414402, 0.5169911, -0.7849451, 143.2043, 139.9733, 48.31296, 146.6298, 156.4916, 33.44226, 3.42543, -16.51833, -14.8707, -35.82964, 46.52838, -230.1033, -33.46039, 30.0289, -235.769, 2.369247, 16.49948, -5.665741, 6.950968
8, 1, -0.1328499, -0.06555055, -0.9889663, -0.07139818, -7.826831E-05, -0.9974478, 183.7921, 187.6509, 243.7374, 180.0045, 184.0943, 269.9372, -3.787643, 3.556564, 26.19977, -0.0059049, -0.8075519, 0.589767, -0.2661191, -0.9136797, 0.3071969, 306.1412, 359.4264, 180.4189, 288.5836, 319.0982, 196.2388, -17.55756, 40.32816, 15.81982, 122.3491, -171.7755, -63.31848, 108.5792, -135.0039, -73.69843, -13.76991, -36.77159, -10.37994, 6.896316
9, 4, -0.1494523, -0.1184981, -0.9816425, -0.07267734, 0.004710591, -0.9973444, 186.8831, 188.6566, 231.5897, 179.7294, 184.1678, 273.7084, -7.153702, 4.488815, 42.11873, -0.4957914, -0.008181736, 0.8684031, -0.9643633, 0.08303043, 0.2512159, 359.4602, 330.2769, 269.0546, 18.28945, 284.601, 274.921, -341.1707, 45.67593, 5.866394, 172.5771, -141.6203, 37.46486, -161.4399, -100.4332, 1.212524, -334.017, -41.18712, -36.25233, 7.662703
10, 0, -0.15963, -0.1069676, -0.9813646, -0.03650565, 0.003172795, -0.9993284, 186.2206, 189.2389, 236.1741, 179.8181, 182.0921, 274.9672, -6.402527, 7.146805, 38.79315, 0.8288763, 0.1141149, 0.5476696, 0.9618509, 0.02127675, -0.2727459, 11.77, 56.54576, 82.16113, 175.5394, 105.8314, 88.73279, 163.7694, -49.28564, 6.571663, -174.4506, 132.6931, -154.0129, -4.278656, 76.26068, -186.2344, 170.172, 56.43245, -32.2215, 7.451215
11, 1, -0.1383098, 0.0139856, -0.9902902, -0.05932322, -0.0004273255, -0.9982387, 179.1909, 187.9508, 275.774, 180.0245, 183.401, 269.5873, 0.8336334, 4.549881, -6.186737, 0.5090894, -0.7585731, -0.4066877, 0.2806513, -0.9195807, -0.274966, 241.8033, 128.6197, 146.1339, 253.3527, 134.4138, 163.0281, 11.54944, -5.794022, 16.89421, 62.61237, 59.3311, -129.6402, 73.32817, 48.9872, -106.5592, 10.71581, 10.3439, 23.08095, 6.650785
12, 8, -0.1016313, -0.05374407, -0.9933693, -0.09727257, 0.001419554, -0.9952568, 183.0968, 185.8416, 242.1295, 179.9183, 185.5821, 270.8361, -3.178574, 0.2594452, 28.7066, -0.4273823, -0.5452645, -0.721132, -0.1901702, -0.3083688, -0.9320643, 217.0938, 210.6533, 218.0896, 198.3065, 191.5318, 211.662, -18.78723, 19.12144, -6.427582, 33.99692, -24.81171, -24.03989, 18.38826, -5.949707, -59.17407, -15.60866, -18.862, -35.13419, 5.729854
13, 6, -0.1812516, -0.02392077, -0.9831458, -0.1075425, 0.0003698292, -0.9942004, 181.3938, 190.4457, 262.4818, 179.9787, 186.1737, 270.197, -1.415085, 4.272018, 7.71521, -0.8946765, -0.05633217, -0.4431488, -0.1759818, -0.3133479, -0.9331899, 187.2445, 243.65, 266.3972, 198.5611, 190.6795, 209.3194, 11.31664, 52.97052, -57.07787, 5.850693, -53.2043, 3.915405, 18.58241, -4.505798, -60.87767, 12.73172, -48.6985, -64.79308, 6.95233
14, 2, -0.07301596, -0.05989331, -0.9955308, -0.08867688, 0.002302335, -0.9960577, 183.4429, 184.1948, 230.6388, 179.8676, 185.0875, 271.4872, -3.575317, -0.8927155, 40.84848, 0.8953302, -0.3794478, -0.2332449, -0.3419403, -0.8304418, 0.4398218, 238.4211, 104.6017, 112.9676, 297.9068, 322.1367, 202.3798, 59.48563, -217.5349, 89.41216, 54.97826, 79.59306, -117.6712, 118.0392, -137.0492, -69.10748, 63.06094, 216.6422, 48.56368, 8.095511
15, 5, -0.2193761, -0.1378253, -0.9658563, -0.1030782, 0.006213247, -0.9946538, 188.1211, 192.7966, 237.8605, 179.6421, 185.9166, 273.4495, -8.479034, 6.87999, 35.58899, -0.9580767, 0.167297, 0.2325961, 0.1536007, 0.07580779, -0.9852208, 35.72594, 283.6459, 279.905, 175.6001, 171.1387, 63.73191, 139.8741, 112.5073, -216.1731, -152.3952, -90.84938, 42.04449, -4.042053, 14.77791, -209.7176, 148.3531, -105.6273, -251.7621, 6.985467
16, 3, 0.0658044, -0.0603729, -0.9960045, -0.1050892, 0.002309238, -0.9944601, 183.4688, 176.2201, 132.5351, 179.867, 186.0323, 271.2588, -3.601791, -9.812256, 138.7237, 0.5394929, 0.06590468, 0.839407, 0.1208439, 0.07611875, -0.9897488, 4.489276, 32.72915, 83.03523, 175.6022, 173.0389, 57.79345, 171.1129, -140.3098, -25.24178, -178.9795, 143.4909, -49.49991, -4.264755, 12.99342, -213.4654, 174.7147, 130.4975, -163.9655, 7.540112
17, 0, -0.03995343, -0.1030745, -0.9938709, -0.09627407, 0.004052284, -0.9953466, 185.921, 182.302, 201.1872, 179.7667, 185.5247, 272.4102, -6.154251, -3.222672, 71.22305, -0.3443225, 0.5846841, -0.7345657, -0.3078172, 0.747578, -0.5885369, 141.4817, 205.1145, 329.506, 128.2119, 207.6105, 337.6205, -13.26978, -2.496017, 8.114441, -44.43933, -22.81247, 128.3188, -51.55486, -22.08582, 65.21024, -7.115524, -0.7266541, -63.10861, 7.35286
 
LOCOMOTION
18, 8, -0.0506541, -0.1395591, -0.9889173, 0.004459555, 0.00480266, -0.9999785, 188.0327, 182.9322, 199.9488, 179.7248, 179.7445, 42.87854, -8.307861, 3.187729, -157.0702, -0.7964918, 0.1779431, 0.5778729, -0.9673839, 0.08748526, 0.2377281, 17.11505, 305.9617, 282.5936, 20.20389, 283.8065, 275.1675, 3.088844, 22.15527, -7.426086, -170.9176, -123.0295, 82.64479, -159.521, -104.062, 232.2889, 11.3967, -18.96754, 149.6441, 7.651899
19, 0, -0.02528452, -0.02533049, -0.9993595, -0.01738708, -0.0009703384, -0.9998484, 181.4519, 181.4493, 224.948, 180.0556, 180.9963, 266.8058, -1.396332, 0.453064, 41.8578, -0.06780292, -0.8941517, 0.4426008, -0.113775, -0.9519331, 0.2843916, 296.3352, 351.2905, 184.3364, 286.6336, 338.1954, 186.8156, -9.701599, 13.09506, 2.479248, 114.8833, -169.8411, -40.61156, 106.578, -157.1991, -79.99011, -8.305267, -12.642, -39.37856, 6.71829
20, 4, 0.02621113, -0.05001649, -0.9984044, 0.001286573, -0.0007455008, -0.9999989, 182.8679, 178.4962, 152.3432, 180.0427, 179.9263, 120.09, -2.825195, -1.430115, -32.25322, -0.7447516, 0.06153137, 0.6644991, -0.9650462, 0.09356873, 0.2448076, 5.290396, 311.7407, 274.7231, 20.91752, 284.2342, 275.538, 15.62713, 27.50647, 0.8149109, -177.5775, -133.2445, 122.3798, -159.1252, -104.3079, 155.448, 18.45233, -28.93658, 33.06813, 7.029032
21, 2, -0.03175601, -0.2846549, -0.9581041, -0.01041677, 0.01556169, -0.9998246, 196.5468, 181.8983, 186.3656, 179.1083, 180.5969, 326.2022, -17.43851, 1.301422, 139.8366, -0.030277, -0.8668973, 0.4975664, -0.07557927, -0.966852, 0.2438955, 299.8542, 356.5178, 182.0003, 284.1579, 342.7827, 184.4698, -15.69629, 13.73517, 2.469482, 103.3074, -174.6195, -4.365311, 105.0496, -162.1857, -141.7325, 1.742218, -12.43375, -137.3671, 6.996821
22, 1, -0.1550645, 0.07731492, -0.9848744, -0.00524854, -0.004189058, -0.9999775, 175.5114, 188.9475, 296.5008, 180.24, 180.3007, 231.4053, 4.728668, 8.64682, -65.09546, 0.2084958, -0.7712274, -0.6014464, 0.3383638, -0.8983012, -0.2802942, 232.0509, 160.8808, 164.8721, 252.6707, 129.6377, 159.3601, 20.61977, 31.24304, -5.512039, 56.53955, 28.06679, -131.6286, 72.43065, 50.66301, -72.04523, 15.8911, -22.59622, 59.58342, 6.829154
23, 2, -0.01855507, -0.01366663, -0.9997345, -0.01213572, 0.000464225, -0.9999263, 180.7832, 181.0633, 233.6267, 179.9734, 180.6953, 272.1906, -0.8097992, 0.3679504, 38.56393, -0.232672, -0.516794, -0.8238857, -0.1226583, -0.3149024, -0.9411649, 212.0986, 195.7701, 204.2383, 198.4996, 187.4253, 201.2815, -13.59895, 8.344833, -2.956802, 31.31537, -14.70682, -29.3884, 18.52621, -6.729935, -70.90913, -12.78915, -7.976883, -41.52074, 8.329712
24, 6, -0.0192631, -0.04261713, -0.998906, 0.004475223, -0.001099804, -0.9999894, 182.443, 181.1048, 204.3232, 180.063, 179.7436, 103.807, -2.379974, 1.361176, -100.5161, 0.513999, 0.5112614, 0.6887792, 0.4441745, 0.8052802, 0.3927248, 36.58546, 36.73201, 45.15299, 64.00211, 48.51793, 28.88014, 27.41665, -11.78592, -16.27284, -145.8575, 144.3728, -159.1702, -116.0609, 131.2257, -74.9269, 29.79662, 13.14709, 84.24326, 6.17411
25, 4, -0.02738616, -0.0138199, -0.9995295, 0.001743207, 0.003398669, -0.9999927, 180.7921, 181.5695, 243.2231, 179.8053, 179.9001, 27.15368, -0.9868622, 1.669342, -216.0694, 0.9958303, 0.02835262, -0.08670822, 0.9549755, 0.03049148, -0.2951135, 161.8928, 94.97626, 88.36916, 174.1011, 107.1726, 88.17122, 12.20822, -12.19632, -0.197937, -18.89931, 86.59319, -154.8539, -5.704224, 72.72753, 61.01754, 13.19508, 13.86566, 215.8715, 7.041153
26, 6, -0.0407082, -0.08052292, -0.9959212, -0.02312145, 0.002081324, -0.9997305, 184.6225, 182.3407, 206.8188, 179.8807, 181.3249, 275.1437, -4.741745, 1.015762, 68.32495, -0.4993826, -0.2720141, -0.8225726, -0.1692919, -0.3242368, -0.9307045, 198.2984, 211.2619, 241.4228, 199.2072, 190.3092, 207.5701, 0.9088287, 20.95268, -33.85269, 13.67592, -28.92122, 34.60405, 19.32649, -8.984299, -67.57359, 5.650574, -19.93692, -102.1776, 6.419422
27, 5, -0.005608778, -0.05443749, -0.9985014, -0.02099166, 0.0001960939, -0.9997796, 183.1206, 180.3218, 185.8825, 179.9888, 181.2028, 270.5352, -3.131851, -0.8809814, 84.65269, -0.4459179, 0.567645, -0.6920524, -0.2884323, 0.7718239, -0.5666522, 140.6402, 212.7953, 321.8483, 126.2851, 206.9766, 339.5092, -14.35513, 5.818741, 17.66086, -42.48039, -32.47351, 135.9658, -53.70367, -25.77379, 68.97397, -11.22327, -6.699722, -66.99184, 7.23021
28, 0, -0.01064457, -0.1402137, -0.990064, -0.04136508, 0.002823137, -0.9991401, 188.0607, 180.616, 184.3414, 179.8381, 182.3707, 273.9043, -8.222565, -1.754745, 89.56294, 0.3245052, 0.5252824, -0.7866225, 0.3587754, 0.5066742, -0.7839398, 146.2662, 157.5824, 31.70664, 147.1247, 155.4085, 35.30227, 0.85849, 2.17392, 3.595621, -41.79446, 23.03358, -152.6347, -32.71341, 26.96225, -238.6021, 9.081055, -3.928665, -85.96733, 6.563554
29, 6, -0.03713301, -0.2864826, -0.9573655, -0.05986713, 0.01356383, -0.9981142, 196.6593, 182.2212, 187.3853, 179.2214, 183.4325, 282.7657, -17.43788, -1.211319, 95.38042, -0.9883198, 0.1497173, -0.02843845, 0.37992, 0.5108698, -0.7711504, 100.7551, 268.3518, 278.614, 146.4764, 153.7721, 36.63718, 45.72135, 114.5797, -241.9769, -95.90424, -86.13062, 91.22871, -32.74501, 29.66043, -246.1286, 63.15923, -115.791, -337.3573, 7.375314
30, 8, -0.02814047, -0.1581625, -0.987012, -0.05102786, 0.006583969, -0.9986755, 189.1039, 181.6331, 190.0886, 179.6223, 182.925, 277.3521, -9.481613, -1.291901, 87.26352, 0.3870405, 0.4443733, 0.8079183, 0.409598, 0.8142462, 0.4113789, 28.81179, 25.59717, 41.05523, 63.19588, 44.87571, 26.7042, 34.38409, -19.27854, -14.35103, -160.2921, 156.0359, -149.0333, -116.4264, 138.0493, -250.6479, 43.86571, 17.98665, -101.6146, 7.440731
31, 4, -0.05034786, -0.02044415, -0.9985227, -0.04974128, -0.003424965, -0.9987563, 181.1729, 182.8865, 247.9, 180.1965, 182.8512, 266.0611, -0.9764404, 0.03536987, 18.1611, -0.414878, -0.2081948, -0.8857378, -0.1674426, -0.3275193, -0.9298893, 193.2274, 205.0983, 243.3515, 199.4029, 190.2077, 207.0782, 6.175552, 14.89059, -36.27335, 12.05446, -22.21176, -4.548492, 19.20645, -7.356537, -58.98294, 7.151993, -14.85522, -54.43445, 7.640762
32, 3, -0.02616457, -0.03486457, -0.9990497, -0.02223877, -0.001675911, -0.9997513, 181.9987, 181.5002, 216.8869, 180.096, 181.2743, 265.6903, -1.902649, 0.2259064, 48.80347, -0.2313881, 0.4088598, -0.8827759, 0.1895808, 0.07232474, -0.9791979, 155.1487, 194.6876, 330.493, 175.7757, 169.0426, 69.11824, 20.62706, 25.64499, -261.3747, -26.85001, -13.18742, 113.6061, -4.320297, 12.23166, -196.5721, 22.52971, -25.41908, -310.1782, 8.595374
33, 8, 0.06946253, -0.1251203, -0.9897071, 0.009951685, 0.002429975, -0.9999475, 187.2052, 175.9853, 150.9624, 179.8608, 179.4298, 76.27818, -7.344421, -3.444504, -74.68427, -0.2337386, -0.7533506, -0.6146781, -0.1427497, -0.3103407, -0.9398463, 230.7881, 200.8199, 197.2373, 198.2734, 188.6364, 204.7014, -32.51469, 12.18347, 7.464035, 43.58292, -24.83461, 46.27487, 18.41264, -9.206635, 128.4232, -25.17027, -15.62798, 82.14832, 5.88602
34, 7, 0.01378801, 0.04002069, -0.9991039, 0.01253362, -0.004296568, -0.9999122, 177.7062, 179.2094, 19.00996, 180.2462, 179.2819, 108.9219, 2.540039, -0.07250977, 89.91194, -0.4708281, 0.266189, 0.841109, -0.9263101, 0.08413426, 0.3672481, 17.56122, 330.7612, 299.4822, 12.90344, 291.6265, 275.1898, -4.657775, 39.13464, -24.29245, -160.1449, -151.5518, 280.4723, -167.3428, -112.3447, 166.2679, -7.197815, -39.20715, -114.2044, 7.974311
35, 6, -0.6148129, 0.01987731, -0.7884226, 0.07355948, -0.000487857, -0.9972907, 178.5558, 217.9471, 271.8517, 180.028, 175.7815, 90.37999, 1.472244, 42.1656, -181.4718, 0.003050141, -0.8838111, 0.4678341, -0.1189431, -0.9415777, 0.3150935, 297.8939, 0.3735464, 179.8023, 288.5025, 339.3192, 187.1996, -9.391418, -338.9457, 7.397369, 119.3381, 217.5736, -92.04947, 108.4745, -163.5377, 96.81966, -10.86366, 381.1113, 188.8691, 7.484927
 
IMAGINATION
18, 4, -0.06113778, -0.08071293, -0.9948605, -0.01831239, 0.004502659, -0.9998222, 184.6382, 183.5166, 217.1429, 179.742, 181.0493, 283.8139, -4.896271, 2.467331, 66.67097, 0.07652596, -0.2638734, 0.9615169, -0.1933097, -0.3082923, -0.9314436, 344.6539, 4.550509, 163.8273, 198.3137, 191.7246, 212.0891, -146.3402, -187.1741, 48.26181, 160.0156, 178.9661, -53.3156, 18.57172, -10.67531, -71.72476, -141.4439, 189.6414, -18.40916, 9.939602
19, 6, -0.04368164, -0.1124879, -0.9926926, -0.008571346, 0.004543124, -0.9999529, 186.465, 182.5196, 201.2223, 179.7397, 180.4911, 297.9252, -6.72525, 2.028458, 96.70288, 0.2912386, 0.4016062, 0.8682699, 0.4512219, 0.7907955, 0.4135715, 24.82225, 18.54269, 35.94904, 62.39127, 47.4929, 29.70875, 37.56902, -28.95021, -6.240292, -161.6427, 163.9769, -165.2733, -117.3484, 132.9982, -268.2165, 44.29427, 30.97867, -102.9432, 8.673525
20, 8, -0.08284561, -0.08942884, -0.9925417, -0.01437318, 0.003402801, -0.9998909, 185.1485, 184.7713, 222.8116, 179.805, 180.8235, 283.3193, -5.343475, 3.947754, 60.50775, 0.06597821, -0.4701107, 0.880138, 0.3694528, 0.8394828, 0.3984638, 331.8918, 4.287073, 172.0109, 64.60846, 42.83646, 23.75409, -267.2834, -38.54939, -148.2569, 146.7433, 180.4842, -50.80064, -115.1966, 137.9871, -259.5652, -261.9399, 42.49713, -208.7646, 7.706722
21, 3, -0.04337543, -0.1881567, -0.9811808, -0.04931175, 0.006762362, -0.9987606, 190.8556, 182.5313, 192.9815, 179.6121, 182.8266, 277.8085, -11.2435, -0.2953033, 84.82703, -0.8263378, 0.3865781, -0.4095408, 0.4722316, 0.7643269, 0.439092, 136.6521, 243.6366, 295.0712, 60.12341, 47.0826, 31.70942, -76.52873, 196.554, -263.3618, -54.20341, -61.1053, 102.0897, -119.4886, 135.744, -246.0991, -65.28523, -196.8493, -348.1888, 7.085029
22, 7, 0.0006018761, -0.3205975, -0.9472154, -0.03641149, 0.01404475, -0.9992382, 198.6991, 179.9636, 179.8924, 179.1947, 182.0869, 291.0928, -19.5043, -2.123276, 111.2003, 0.6058922, -0.2612189, 0.7514381, 0.9795446, 0.04024484, -0.1971616, 340.8313, 38.87959, 113.3224, 168.4632, 101.3804, 87.64731, -172.3681, -62.50078, -25.67506, 142.1322, 141.084, -66.57005, -10.73154, 80.70651, -203.4455, -152.8638, 60.3775, -136.8754, 7.862708
23, 2, -0.1362375, -0.2164801, -0.9667345, -0.03249105, 0.007810507, -0.9994414, 192.622, 188.0216, 212.1835, 179.5522, 181.862, 283.5168, -13.06973, 6.159622, 71.33339, 0.8840483, -0.4461474, 0.1393248, 0.3026001, -0.9139505, -0.2704211, 287.3428, 81.04393, 116.7784, 253.5175, 131.7858, 161.6808, -33.82529, -50.74191, 44.90237, 94.72079, 106.9777, -95.40502, 73.96524, 50.07614, -121.836, -20.75555, 56.90154, -26.43102, 8.128524
24, 8, -0.02680103, -0.1695491, -0.9851574, -0.05489263, 0.00531198, -0.9984781, 189.7651, 181.5583, 188.9826, 179.6952, 183.1467, 275.5273, -10.06995, -1.588409, 86.54475, -0.6560016, -0.5048968, 0.561018, -0.9433974, 0.1363275, 0.302351, 318.0139, 310.5374, 232.416, 24.27021, 287.7702, 278.2227, -293.7437, 22.76712, 45.8067, 128.2487, -128.979, 43.43346, -155.425, -104.6235, 2.695404, -283.6737, -24.35553, -40.73805, 7.439709
25, 1, -0.0263065, -0.1906931, -0.9812973, -0.04917194, 0.007207625, -0.9987643, 190.9971, 181.5356, 187.8545, 179.5865, 182.8186, 278.339, -11.41055, -1.282944, 90.48453, 0.2681402, -0.5917545, 0.7602154, 0.3824139, 0.8374491, 0.3904337, 322.1027, 19.42857, 155.6234, 65.00423, 44.40546, 24.5434, -257.0984, -24.9769, -131.08, 131.1056, 162.107, -32.23108, -114.5823, 138.4131, -253.7956, -245.6879, 23.69395, -221.5645, 8.12861
26, 5, -0.07048088, -0.08972394, -0.9934697, -0.02923945, 0.00314591, -0.9995674, 185.1606, 184.058, 218.1507, 179.8197, 181.6756, 276.1409, -5.340927, 2.382446, 57.99019, 0.03814612, -0.8423445, -0.537588, 0.3414471, -0.9082012, -0.2420419, 237.4538, 175.9412, 177.4071, 255.0771, 125.3317, 159.3958, 17.62332, 50.6095, -18.01135, 52.2932, 8.116776, -40.74361, 75.25745, 56.34383, -116.7451, 22.96425, -48.22706, -76.00154, 7.541248
27, 7, -0.01569741, -0.07599434, -0.9969847, -0.02505479, 0.001574087, -0.9996849, 184.3589, 180.902, 191.6709, 179.9098, 181.4357, 273.5949, -4.449127, -0.5336456, 81.92403, -0.9266138, 0.1163485, -0.357561, 0.2126801, 0.07931244, -0.9738977, 161.9754, 248.8994, 277.1568, 175.3442, 167.6811, 69.54856, 13.36882, 81.21829, -207.6082, -22.38351, -67.99739, 85.48589, -4.565567, 13.75455, -204.0464, 17.81795, -81.75194, -289.5322, 6.429845
28, 3, 0.003012584, -0.08095933, -0.9967128, -0.01411777, -0.001699911, -0.9998989, 184.6437, 179.8268, 177.8689, 180.0974, 180.8089, 263.1341, -4.54631, -0.9820862, 85.26515, -0.0508913, 0.3337218, 0.9412969, 0.363596, 0.5069879, -0.7815121, 19.52115, 356.9053, 351.3294, 147.0275, 155.05, 35.64692, 127.5063, 201.8553, -315.6825, -165.1226, -177.0785, 173.4605, -33.06996, 25.75896, -227.4872, 132.0526, -202.8374, -400.9476, 8.640185
29, 0, -0.02377133, -0.1902545, -0.9814471, 0.006499097, 0.00483099, -0.9999672, 190.9708, 181.3875, 187.1219, 179.7232, 179.6276, 53.37538, -11.24759, 1.759842, -133.7465, 0.0552879, -0.7570177, 0.651051, -0.1919206, -0.8932343, 0.4065697, 310.6962, 4.853969, 175.8229, 294.4734, 334.7304, 192.1262, -16.22284, -329.8764, 16.30336, 119.7254, 176.5335, -11.29903, 114.7502, -155.1028, 138.7509, -4.97525, 331.6363, 150.0499, 7.57375
30, 7, 0.006857549, -0.08357809, -0.9964776, 0.03057514, 0.00115794, -0.9995318, 184.7944, 179.6057, 175.3094, 179.9336, 178.2479, 87.83113, -4.860748, 1.357819, -87.47829, -0.226155, -0.5870957, 0.7772854, -0.9418946, 0.1767376, 0.2856543, 322.9357, 343.7774, 201.0672, 31.74556, 286.8713, 280.6274, -291.1901, 56.9061, 79.56027, 138.1413, -164.1717, 25.75775, -148.1881, -108.6234, 192.7963, -286.3293, -55.54828, 167.0386, 7.505845
31, 5, 0.06548894, -0.1288956, -0.9894934, 0.03837152, 0.003641114, -0.9992569, 187.4218, 176.2134, 153.0659, 179.7912, 177.8009, 84.57938, -7.630569, -1.587479, -68.48653, -0.4195209, 0.4728346, 0.774874, -0.2439197, 0.7638702, -0.5974994, 31.3919, 331.5686, 318.4191, 128.0325, 202.207, 342.2906, 96.64064, 129.3617, 23.87155, -156.0299, -155.3552, 165.3532, -51.7587, -24.40604, 257.7112, 104.2712, -130.9492, 92.35808, 6.507972
32, 4, 0.02454994, -0.006914708, -0.9996748, 0.0330577, -0.0007797463, -0.9994531, 180.3963, 178.5932, 105.7303, 180.0447, 178.1056, 91.35121, -0.351593, 0.4876251, -14.37914, -0.9977472, -0.03901114, -0.05457873, 0.9958088, 0.02417932, -0.08820498, 215.556, 266.8689, 267.7609, 164.6703, 95.06184, 88.60907, -50.8857, 171.8071, -179.1519, 35.15968, -88.27571, 162.0306, -15.37442, 83.04375, -2.742142, -50.5341, -171.3195, -164.7727, 8.029469
33, 2, -0.02843859, -0.058854, -0.9978615, 0.001249281, 0.001210424, -0.9999985, 183.3754, 181.6325, 205.7901, 179.9306, 179.9284, 45.90505, -3.444748, 1.704041, -159.8851, 0.8052338, -0.529927, 0.2660371, -0.2097251, -0.3100876, -0.9272869, 296.6578, 71.71722, 123.3491, 198.4901, 192.7442, 214.0721, -98.16774, -121.027, 90.72306, 113.2824, 109.9152, -82.44105, 18.55945, -12.8158, 168.1671, -94.72299, 122.731, 250.6081, 8.31783
34, 6, -0.05289118, -0.1199899, -0.9913654, -0.001276981, 0.002683821, -0.9999956, 186.9012, 183.0539, 203.7877, 179.8462, 180.0732, 334.5546, -7.054993, 2.980789, 130.7668, 0.1943109, 0.1787942, 0.9645081, -0.06927427, -0.8974512, 0.4356402, 10.50191, 11.39041, 47.38145, 295.8928, 350.9646, 184.4139, 285.3909, -339.5742, 137.0325, -176.3993, 171.6635, -156.4063, 116.0466, -170.8915, -150.1407, 292.4459, 342.555, 6.265625, 6.81925
35, 0, 0.08325548, -0.08960712, -0.9924914, 0.05564349, 0.0006118119, -0.9984505, 185.159, 175.205, 137.1043, 179.9649, 176.8102, 89.37005, -5.194046, -1.605255, -47.73428, 0.86904, 0.432908, 0.2394994, 0.4018298, 0.5079086, -0.7619459, 61.04714, 74.59229, 63.52003, 146.3128, 152.194, 38.34914, 85.26569, -77.60176, -25.1709, -124.1118, 100.6127, -73.58429, -33.65208, 24.61617, -51.02091, 90.45973, 75.99651, 22.56338, 6.595775
