SubjectID, Experiment, Height, Gender, Age, RandomOrderId, TrialArray
02DD, full, 63", female, 17, 2, [2,0,3,4,1,5,7,8,6,1,5,8,6,3,4,7,2,0,8,5,6,0,4,2,3,7,1]
Trial, ObjectId, RealStartVectorX, RealStartVectorY, RealStartVectorZ, PerfectStartVectorX, PerfectStartVectorY, PerfectStartVectorZ, RealStartAngleX, RealStartAngleY, RealStartAngleZ, PerfectStartAngleX, PerfectStartAngleY, PerfectStartAngleZ, StartErrorX, StartErrorY, StartErrorZ, RealEndVectorX, RealEndVectorY, RealEndVectorZ, PerfectEndVectorX, PerfectEndVectorY, PerfectEndVectorZ, RealEndAngleX, RealEndAngleY, RealEndAngleZ, PerfectEndAngleX, PerfectEndAngleY, PerfectEndAngle, EndErrorX, EndErrorY, EndErrorZ, RealChangeX, RealChangeY, RealChangeZ, PerfectChangeX, PerfectChangeY, PerfectChangeZ, ChangeErrorX, ChangeErrorY, ChangeErrorZ, ElapsedTime
0, 2, -0.01420974, -0.03281385, -0.9993606, -0.0487061, -0.07789665, -0.995771, 181.8806, 180.8146, 203.4146, 184.473, 182.8003, 212.0163, 2.592377, -1.985657, 8.601746, -0.7668456, 0.07076071, 0.6379191, -0.7716786, -0.0434401, 0.6345274, 6.329617, 309.7562, 275.272, 356.0836, 309.4294, 266.778, 349.754, 0.3268127, -8.493988, -175.551, -128.9416, 71.85745, 171.6106, -126.6291, 54.76172, 347.1616, -2.312469, -17.09573, 3.997991
1, 0, 0.02263106, -0.05370523, -0.9983003, 0.005103405, -0.08260477, -0.9965693, 183.0794, 178.7014, 157.1497, 184.7384, 179.7066, 176.4647, 1.659012, -1.005234, 19.31497, -0.177253, -0.3516908, -0.9191819, -0.1529297, -0.374074, -0.9147027, 200.9375, 190.9148, 206.7482, 202.2424, 189.4915, 202.2358, 1.304962, 1.423279, -4.512375, 17.85812, -12.21346, 49.59846, 17.50407, -9.784943, 25.77112, -0.3540497, -2.428513, -23.82735, 7.849182
2, 3, 0.0453129, -0.06607646, -0.9967853, 0.0116002, -0.08423449, -0.9963784, 183.7926, 177.3972, 145.5591, 184.8323, 179.333, 172.1589, 1.039749, -1.935791, 26.59988, -0.2137633, -0.9407444, 0.2632589, -0.0324924, -0.8590168, 0.5109153, 285.6338, 320.9238, 192.8018, 300.7428, 356.3611, 182.1662, 15.10901, -35.43729, -10.63564, 101.8412, -143.5266, 47.24277, 115.9105, -177.0281, 10.00725, 14.06926, 33.5015, -37.23552, 4.064857
3, 4, -0.04154251, -0.01558131, -0.9990153, 0.007047217, -0.08036911, -0.9967402, 180.8935, 182.3812, 249.4405, 184.6099, 179.5949, 174.9888, 3.716354, 2.786285, -74.45169, 0.4359674, 0.5613111, 0.7034646, 0.4617678, 0.6940284, 0.552354, 38.5872, 31.78828, 37.8363, 51.48489, 39.89561, 33.63758, 12.89769, -8.107334, -4.198719, -142.3063, 150.5929, -211.6042, -133.125, 139.6993, -141.3512, 9.181335, 10.89362, 70.25296, 4.296191
4, 1, -0.05639766, -0.1061068, -0.9927542, -0.05200991, -0.07267716, -0.9959985, 186.1007, 183.2514, 207.9914, 184.1734, 182.9892, 215.5886, -1.927246, 0.2622375, 7.597183, -0.3501991, 0.6117915, -0.7092757, -0.3043831, 0.775638, -0.5529345, 139.2203, 206.2775, 330.2125, 125.4842, 208.8322, 338.5735, -13.73612, -2.554718, 8.360992, -46.88036, -23.02605, 122.2211, -58.68923, -25.843, 122.9849, -11.80888, 2.816956, 0.7638092, 3.308917
5, 5, -0.009139962, -0.04836959, -0.9987878, -0.04165792, -0.08019923, -0.995908, 182.7726, 180.5243, 190.7005, 184.604, 182.3952, 207.4487, 1.831451, -1.870926, 16.74823, -0.6977571, -0.06236672, 0.7136145, 0.9985049, -0.05466224, -0.000415905, 355.0053, 315.6437, 264.8924, 269.5641, 90.02386, 93.13348, -85.44125, 225.6198, -171.7589, 172.2327, -135.1194, 74.19186, 84.96004, 92.37137, -114.3153, -87.27271, -227.4908, -188.5071, 4.560185
6, 7, -0.0486146, -0.1257185, -0.9908741, -0.04472956, -0.06821916, -0.9966671, 187.2308, 182.8088, 201.1412, 183.9156, 182.5697, 213.2518, -3.315201, 0.239151, 12.11066, -0.1151775, -0.5494815, -0.8275291, 0.395984, 0.5218347, -0.7555695, 213.5843, 187.9237, 191.8384, 145.3691, 152.3416, 37.19233, -68.21518, 35.58209, -154.6461, 26.35342, -5.114853, -9.30275, -38.54655, 30.22809, -176.0595, -64.89998, -35.34294, -166.7568, 6.518314
7, 8, -0.001362831, -0.05221321, -0.9986351, -0.04945429, -0.07103351, -0.9962472, 182.993, 180.0782, 181.4951, 184.0784, 182.8419, 214.8461, 1.085403, -2.763672, 33.35091, 0.1169094, 0.274703, -0.9543955, 0.1967939, 0.04447374, -0.9794357, 163.9426, 173.0163, 23.05386, 177.4001, 168.6391, 77.26556, 13.45749, 4.377213, 54.21169, -19.05032, 7.06189, -158.4413, -6.678238, 14.20277, -137.5805, 12.37209, -7.140884, 20.86078, 4.952641
8, 6, -0.1107988, -0.1384155, -0.9841569, -0.02591753, -0.07149004, -0.9971045, 188.0058, 186.4234, 218.6766, 184.101, 181.4889, 199.9273, -3.904831, 4.934509, -18.74928, 0.3358351, -0.8382285, -0.4296371, 0.3187061, -0.9195358, -0.229957, 242.8624, 141.9863, 158.1666, 255.9595, 125.8117, 160.884, 13.09705, 16.17458, 2.717392, 54.85664, 44.43718, -60.50999, 71.85852, 55.67725, -39.04332, 17.00188, -11.24007, 21.46667, 6.374428
9, 1, -0.04428557, -0.06939892, -0.9966055, -0.03382988, -0.07445292, -0.9966506, 183.9834, 182.5443, 212.5432, 184.2722, 181.9441, 204.4361, 0.2888641, 0.6002655, -8.107101, -0.3916088, 0.5095523, -0.7661587, -0.2922482, 0.7791755, -0.5545056, 146.3732, 207.0731, 322.4565, 125.4378, 207.7911, 339.4402, -20.93533, -0.7180786, 16.9838, -37.61021, -24.52872, 109.9133, -58.83441, -25.84706, 135.0042, -21.2242, 1.318344, 25.0909, 3.06442
10, 5, -0.07627165, -0.02933534, -0.9966557, -0.02981469, -0.07474591, -0.9967568, 181.6859, 184.3762, 248.9624, 184.2885, 181.7133, 201.7461, 2.602585, 2.662872, -47.21635, 0.980436, 0.1518314, 0.1252692, 0.9940295, -0.07874332, -0.07553047, 50.47551, 82.71883, 81.19704, 226.1931, 94.34522, 94.5293, 175.7175, -11.62639, 13.33225, -131.2104, 101.6573, -167.7654, 41.90453, 87.36808, -107.2168, 173.115, 14.28926, 60.5486, 4.430093
11, 8, 0.002234039, -0.04289518, -0.9990772, -0.0271777, -0.07825664, -0.9965628, 182.4585, 179.8719, 177.0187, 184.49, 181.5621, 199.1516, 2.031555, -1.690262, 22.1329, 0.1509611, 0.2767004, -0.9490246, 0.2011676, 0.04576144, -0.9784873, 163.7453, 170.9617, 28.61583, 177.3224, 168.3824, 77.18449, 13.5771, 2.579285, 48.56866, -18.7132, 8.910187, -148.4028, -7.167648, 13.17973, -121.9671, 11.54555, -4.269547, 26.43575, 3.287482
12, 6, -0.03440945, -0.0440434, -0.998437, -0.02168002, -0.0741911, -0.9970083, 182.5258, 181.9738, 217.9992, 184.2558, 181.2457, 196.2893, 1.729935, 0.7281189, -21.70984, 0.3078541, -0.7907119, -0.5291508, 0.318429, -0.9183447, -0.2350447, 236.2092, 149.8096, 158.7272, 255.6437, 126.4325, 160.8764, 19.43443, 23.37717, 2.149246, 53.68343, 32.16418, -59.27202, 71.38792, 54.81324, -35.41293, 17.7045, -22.64906, 23.85909, 3.132866
13, 3, 0.07245562, -0.04063516, -0.9965435, -0.01728881, -0.07510117, -0.9970261, 182.335, 175.8415, 119.2849, 184.3077, 180.9934, 192.964, 1.972672, -5.151901, 73.67908, -0.2605497, -0.8960699, 0.3594058, -0.05035802, -0.8618516, 0.5046542, 291.8553, 324.0599, 196.2128, 300.351, 354.3015, 183.344, 8.495667, -30.24155, -12.86884, 109.5203, -148.2184, 76.92788, 116.0433, -173.3081, -9.620041, 6.522995, 25.08965, -86.54792, 3.641854
14, 4, -0.02300314, 0.007712826, -0.9997058, 0.004578051, -0.07898823, -0.996865, 179.558, 181.3181, 288.536, 184.5305, 179.7369, 176.6829, 4.972488, 1.581253, -111.8531, 0.2308629, 0.5904652, 0.7733389, 0.452019, 0.7279217, 0.5155665, 37.36272, 16.62181, 21.35474, 54.69113, 41.24242, 31.83912, 17.32841, -24.6206, 10.48438, -142.1953, 164.6963, -267.1813, -129.8393, 138.4945, -144.8438, 12.35593, 26.20186, 122.3375, 4.607608
15, 7, 0.02682501, -0.1126703, -0.9932702, -0.03097761, -0.07338542, -0.9968224, 186.4716, 178.453, 166.6081, 184.2105, 181.78, 202.8857, -2.261124, -3.326965, 36.27759, 0.5399423, 0.3452786, -0.7676231, 0.3853417, 0.4968032, -0.7776235, 155.7817, 144.8776, 57.40218, 147.4266, 153.6399, 37.79868, -8.355118, -8.762222, -19.6035, -30.68993, 33.57536, -109.2059, -36.78392, 28.14011, -165.087, -6.093994, 5.435257, -55.88109, 4.08672
16, 2, 0.01756535, -0.1010853, -0.9947227, -0.03055464, -0.0695514, -0.9971103, 185.8026, 178.9883, 170.1423, 183.9901, 181.7552, 203.7164, -1.812485, -2.76683, 33.57408, -0.6837283, 0.08056195, 0.7252761, -0.8432416, -0.04533146, 0.5356199, 6.338297, 316.689, 276.72, 355.1624, 302.4234, 266.9228, 348.8241, 14.26563, -9.797211, -179.4643, -137.7007, 106.5777, 171.1723, -120.6682, 63.20645, 350.6366, -17.03246, -43.37129, 3.833507
17, 0, -0.002712652, -0.04238163, -0.9990979, -0.01727354, -0.07716613, -0.9968686, 182.429, 180.1556, 183.6622, 184.4263, 180.9927, 192.6176, 1.997314, -0.8371429, 8.955338, -0.2919301, -0.131015, -0.947424, -0.1641612, -0.3722881, -0.9134837, 187.8732, 197.1257, 245.83, 202.1732, 190.1878, 203.7952, 14.3, 6.937836, -42.03482, 5.444199, -16.97009, 62.16774, 17.74689, -9.195114, 11.17758, 12.30269, -7.774979, -50.99016, 7.219137
18, 8, 0.001933654, -0.1184174, -0.9929621, -0.01424703, -0.07390047, -0.9971639, 186.8008, 179.8884, 179.0645, 184.2385, 180.8186, 190.912, -2.562302, -0.93013, 11.8475, 0.1287079, 0.1817541, -0.9748845, 0.2091967, 0.04849665, -0.9766703, 169.4392, 172.4791, 35.30394, 177.1573, 167.9103, 76.94807, 7.718079, 4.568817, 41.64413, -17.36156, 7.409332, -143.7605, -7.081177, 12.90828, -113.9639, 10.28038, -5.498947, 29.79662, 4.608295
19, 5, -0.002388767, -0.0494115, -0.9987758, -0.002774177, -0.07763638, -0.9969779, 182.8322, 180.137, 182.7678, 184.4527, 180.1594, 182.0465, 1.620499, -0.02238464, -0.7213135, 0.8989596, 0.03793234, 0.436386, 0.9939233, -0.06795572, -0.08659384, 4.967881, 64.10646, 87.58379, 218.1235, 94.97923, 93.9113, 213.1557, -30.87276, 6.327507, -177.8643, 116.0306, -95.18398, 33.67081, 85.1802, -88.13516, 211.5352, 30.85038, 7.04882, 4.353063
20, 6, 0.02090972, -0.04795238, -0.998631, -0.03305969, -0.07799136, -0.9964058, 182.7491, 178.8005, 156.4403, 184.4756, 181.9003, 202.9716, 1.726456, -3.099808, 46.53125, 0.4086064, -0.8041943, -0.4316392, 0.3104773, -0.9211422, -0.2347362, 241.776, 136.5702, 153.0652, 255.7035, 127.0911, 161.3733, 13.92749, 9.479111, 8.308105, 59.02689, 42.23032, -3.375153, 71.22792, 54.80923, -41.5983, 12.20103, -12.57892, -38.22314, 3.652357
21, 0, 0.0515095, -0.0512787, -0.9973552, -0.03702982, -0.07994588, -0.9961112, 182.9432, 177.0435, 134.8714, 184.5886, 182.129, 204.8529, 1.64537, -5.085419, 69.98155, -0.160453, -0.4254397, -0.8906491, -0.1893635, -0.3594607, -0.9137447, 205.5326, 190.2125, 200.6638, 201.4743, 191.7082, 207.7802, -4.058258, -1.495712, 7.116425, 22.58934, -13.16893, 65.79243, 16.88571, -9.579224, 2.927307, -5.703629, -3.589706, -62.86513, 4.819304
22, 4, -0.01811527, -0.03915055, -0.9990692, -0.03462765, -0.07724387, -0.9964107, 182.2441, 181.0388, 204.8304, 184.4328, 181.9904, 204.1462, 2.188721, -0.9515839, -0.6841431, 0.4041075, 0.5329947, 0.74338, 0.4775772, 0.7151759, 0.5103366, 35.64008, 28.52887, 37.16879, 54.48903, 43.10076, 33.73405, 18.84895, -14.5719, -3.434738, -146.604, 152.5099, -167.6616, -129.9438, 138.8896, -170.4122, 16.66023, 13.6203, -2.75061, 4.830267
23, 2, -0.1131884, -0.005084321, -0.9935606, -0.0604152, -0.07621357, -0.9952595, 180.2932, 186.4992, 267.428, 184.379, 183.4738, 218.4042, 4.08577, 3.025482, -49.02386, -0.7638295, 0.05079021, 0.6434166, -0.8556912, -0.03363103, 0.5163928, 4.513472, 310.1093, 273.8042, 356.2738, 301.1101, 267.7493, 351.7603, 8.999176, -6.054962, -175.7797, -123.6101, 6.37619, 171.8948, -117.6364, 49.34509, 347.6745, -5.973694, 42.9689, 6.452624
24, 3, 0.08287552, -0.09527908, -0.9919949, 0.02610512, -0.07740118, -0.9966582, 185.4863, 175.2243, 138.9827, 184.4407, 178.4996, 161.3623, -1.045609, -3.275269, 22.37962, -0.1516001, -0.9061189, 0.3949254, -0.02635913, -0.8567999, 0.5149748, 293.5496, 338.9997, 189.498, 301.0078, 357.0699, 181.7621, 7.45813, -18.07016, -7.735886, 108.0633, -163.7753, 50.51537, 116.567, -178.5702, 20.39986, 8.503738, 14.79489, -30.11551, 4.596691
25, 7, 0.1163189, -0.02639104, -0.9928613, 0.08112911, -0.08541694, -0.9930368, 181.5226, 173.318, 102.7831, 184.9162, 175.3294, 136.4748, 3.393631, -2.011459, 33.69164, 0.3445024, 0.2830186, -0.8951081, 0.4284578, 0.4990534, -0.7532394, 162.4539, 158.9497, 50.59591, 146.4738, 150.3679, 40.64744, -15.98007, 8.581757, -9.948467, -19.06873, 14.3683, -52.18724, -38.44243, 24.96152, -95.82735, -19.3737, -10.59322, -43.64011, 4.020208
26, 1, 0.05446539, -0.08716936, -0.9947035, 0.0454656, -0.07609906, -0.9960631, 185.0082, 176.8659, 148.0019, 184.3689, 177.3865, 149.1437, -0.639328, -0.5206604, 1.141769, -0.3917234, 0.5288978, -0.7528744, -0.242077, 0.7927924, -0.5593557, 144.9118, 207.4881, 323.4748, 125.2049, 203.4019, 343.0201, -19.70686, 4.086212, 19.54526, -40.09644, -30.62225, 175.4729, -59.16396, -26.01538, 193.8764, -19.06753, -4.606873, 18.40349, 3.421072
27, 0, 0.0323358, 0.01141563, -0.9994121, 0.07034712, -0.08224789, -0.994126, 179.3456, 178.1469, 70.55524, 184.7295, 175.9523, 139.4594, 5.383942, 2.194504, 68.90418, -0.1988578, -0.3051013, -0.9313264, -0.1526628, -0.3658469, -0.9180687, 198.1387, 192.0529, 213.0954, 201.7271, 189.4411, 202.6501, 3.588364, 2.61171, -10.44527, 18.79314, -13.90601, 142.5401, 16.99756, -13.4888, 63.19066, -1.795578, -0.4172058, -79.34944, 1.700135
