SubjectID, Experiment, Height, Gender, Age, LocomotionRandomOrderId, TrialArray
00LB, locima, 72", male, 18, 1, [see code]Trial, ObjectId, RealStartVectorX, RealStartVectorY, RealStartVectorZ, PerfectStartVectorX, PerfectStartVectorY, PerfectStartVectorZ, RealStartAngleX, RealStartAngleY, RealStartAngleZ, PerfectStartAngleX, PerfectStartAngleY, PerfectStartAngleZ, StartErrorX, StartErrorY, StartErrorZ, RealEndVectorX, RealEndVectorY, RealEndVectorZ, PerfectEndVectorX, PerfectEndVectorY, PerfectEndVectorZ, RealEndAngleX, RealEndAngleY, RealEndAngleZ, PerfectEndAngleX, PerfectEndAngleY, PerfectEndAngle, EndErrorX, EndErrorY, EndErrorZ, RealChangeX, RealChangeY, RealChangeZ, PerfectChangeX, PerfectChangeY, PerfectChangeZ, ChangeErrorX, ChangeErrorY, ChangeErrorZ, ElapsedTime
 
LOCOMOTION
0, 5, 0.01467924, -0.106866, -0.9941652, 0.002514448, -0.1040548, -0.9945683, 186.1353, 179.1541, 172.1787, 185.9727, 179.8551, 178.6157, -0.1626129, -0.7010803, 6.437012, -0.009998955, 0.1458684, -0.9892536, 0.2029589, 0.02778695, -0.978793, 171.612, 180.5791, 356.0786, 178.3739, 168.2854, 82.20415, 6.761856, 12.29373, -273.8745, -14.52333, -1.425034, 183.8999, -7.598862, 11.56978, -96.41159, 6.924469, -12.99481, -280.3115, 6.207278
1, 2, 0.003192042, -0.1160519, -0.993238, 0.01017935, -0.1052357, -0.9943952, 186.6643, 179.8159, 178.4245, 186.0411, 179.4135, 174.475, -0.6232758, 0.4023743, -3.949432, 0.39788, -0.7617533, -0.5112959, 0.3151568, -0.9123507, -0.2613283, 236.1301, 142.1107, 152.421, 254.0165, 129.6656, 160.9434, 17.88635, 12.44513, 8.522385, 49.46579, 37.70518, -26.00348, 67.97542, 49.74794, -13.53166, 18.50963, -12.04276, 12.47182, 6.207582
2, 7, 0.002138578, -0.1504584, -0.9886141, 0.004421308, -0.1023579, -0.9947378, 188.6535, 179.8761, 179.1857, 185.875, 179.7453, 177.5267, -2.778488, 0.130722, -1.658997, -0.447634, 0.5901123, -0.6718566, -0.2626833, 0.7319524, -0.6286835, 138.7062, 213.6741, 322.8176, 130.6597, 202.6767, 340.2579, -8.046463, 10.99744, 17.44034, -49.94733, -33.79805, 143.6319, -55.2153, -22.93134, 162.7313, -5.267975, -10.86671, 19.09933, 5.131247
3, 1, 0.006112507, -0.178338, -0.9839506, 0.0004717963, -0.1006691, -0.9949198, 190.2732, 179.6441, 178.037, 185.7777, 179.9728, 179.7315, -4.495453, -0.3287659, 1.694519, 0.0383525, 0.07182831, -0.9966794, 0.2049232, 0.0281151, -0.9783742, 175.878, 177.7963, 28.09985, 178.354, 168.1703, 82.18789, 2.476013, 9.626068, 54.08804, -14.3952, 1.847748, -149.9371, -7.423737, 11.80258, -97.5436, 6.971466, -9.954834, 52.39352, 5.185877
4, 3, -0.0001324876, -0.169833, -0.985473, 0.009465868, -0.1036927, -0.9945644, 189.7781, 180.0077, 180.0447, 185.9521, 179.4547, 174.7841, -3.825989, 0.5529938, -5.260635, 0.8491335, -0.1050908, -0.5176183, 0.9844767, -0.1058147, -0.140032, 191.4766, 121.3658, 97.05518, 217.0764, 98.09545, 96.13478, 25.59978, 23.27037, -0.9204025, 1.698517, 58.64187, -82.98951, 31.12428, 81.35925, -78.64928, 29.42577, -22.71738, 4.340233, 6.040934
5, 0, -0.00178565, -0.03528225, -0.9993758, 0.002573293, -0.1097813, -0.9939525, 182.0219, 180.1024, 182.8973, 186.3027, 179.8517, 178.6572, 4.280792, 0.2507019, -4.240067, -0.4267231, 0.4985574, -0.7545515, -0.2722678, 0.7364434, -0.6192909, 146.5459, 209.4895, 319.4393, 130.0612, 203.7324, 339.7103, -16.48473, 5.757126, 20.27106, -35.47601, -29.38718, 136.542, -56.24153, -23.88075, 161.0531, -20.76552, -5.506424, 24.51112, 5.041722
6, 8, 0.009250135, -0.1328542, -0.9910924, -0.0002082917, -0.1059311, -0.9943734, 187.6349, 179.4653, 176.0172, 186.0808, 180.012, 180.1127, -1.554077, -0.5467377, 4.09552, 0.3574829, -0.7963846, -0.4878296, 0.3201835, -0.9121869, -0.2557297, 238.5102, 143.7659, 155.8255, 254.3393, 128.6143, 160.6586, 15.82904, 15.15166, 4.833069, 50.87534, 35.69933, -20.19162, 68.25845, 51.39772, -19.45407, 17.38312, -15.69839, 0.7375488, 4.964665
7, 2, -0.009753115, -0.1008398, -0.994855, 0.003560537, -0.1083919, -0.9941018, 185.7878, 180.5617, 185.5244, 186.2227, 179.7948, 178.1186, 0.4348602, 0.7668915, -7.405807, -0.2787869, 0.4460771, -0.8504665, -0.2717859, 0.7378607, -0.6178139, 152.3226, 198.1494, 327.9957, 129.9396, 203.7454, 339.7791, -22.38301, -5.596054, 11.78342, -33.46521, -17.58771, 142.4713, -56.28308, -23.95065, 161.6605, -22.81787, 6.362946, 19.18922, 5.086131
8, 7, 0.001920741, -0.1347086, -0.9908835, -8.925373E-05, -0.1043975, -0.9945356, 187.7418, 179.8889, 179.1831, 185.9924, 180.0051, 180.049, -1.749329, -0.1162109, 0.8658752, 0.0526173, 0.1576712, -0.9860889, 0.2022036, 0.02579212, -0.9790038, 170.9156, 176.9456, 18.45465, 178.4909, 168.3302, 82.73088, 7.575302, 8.615402, 64.27623, -16.8262, 2.943314, -160.7285, -7.501572, 11.67493, -97.3181, 9.324631, -8.731613, 63.41035, 5.153317
9, 1, -0.01849191, -0.1362739, -0.9904987, 0.004096027, -0.1052247, -0.9944401, 187.8336, 181.0695, 187.7276, 186.0402, 179.764, 177.7708, -1.793472, 1.305542, -9.956833, 0.7011351, 0.5807269, 0.4137221, 0.4997409, 0.7064534, 0.5011812, 54.53313, 59.45622, 50.36618, 54.64686, 44.91755, 35.27536, 0.1137276, 14.53867, -15.09082, -133.3005, 121.6133, -137.3615, -131.3933, 134.8465, -142.4955, 1.907196, -13.23312, -5.133987, 5.41951
10, 4, 0.02894554, -0.1123503, -0.9932472, 0.001002447, -0.1116216, -0.9937503, 186.4535, 178.3307, 165.5527, 186.4088, 179.9422, 179.4855, -0.04472351, -1.611481, 13.93277, 0.3234352, 0.3138407, -0.8926891, 0.3881949, 0.4677311, -0.7940607, 160.63, 160.0838, 45.86255, 149.5004, 153.9472, 39.69108, -11.12962, 6.13652, -6.171463, -25.82355, 18.24698, -119.6901, -36.90845, 25.99498, -139.7944, -11.0849, -7.748001, -20.10423, 5.286977
11, 3, -0.01536565, -0.1173861, -0.9929677, -0.008892011, -0.1110394, -0.9937762, 186.7421, 180.8866, 187.4575, 186.3755, 180.5126, 184.5785, -0.3665771, 0.3739014, -2.879059, 0.7709458, 0.4899405, 0.406941, 0.5405893, 0.6979776, 0.4696706, 50.28722, 62.17283, 57.56381, 56.06331, 49.0155, 37.75808, 5.776085, 13.15733, -19.80574, -136.4548, 118.7137, -129.8937, -130.3122, 131.4972, -146.8204, 6.142654, -12.78344, -16.92668, 6.274635
12, 5, -0.007547549, -0.04089174, -0.9991352, -0.005861332, -0.1087549, -0.9940513, 182.3436, 180.4328, 190.4576, 186.2437, 180.3378, 183.085, 3.900009, 0.09498596, -7.37265, 0.2796079, -0.8129977, -0.5107388, 0.3132884, -0.9157921, -0.2513466, 237.8623, 151.3012, 161.0208, 254.6526, 128.7396, 161.1144, 16.79034, 22.5616, 0.09364319, 55.51863, 29.13165, -29.43684, 68.40897, 51.59827, -21.97055, 12.89034, -22.46661, 7.466293, 4.898032
13, 7, 0.01881139, -0.07941335, -0.9966644, -0.007595213, -0.1064453, -0.9942896, 184.5556, 178.9187, 166.6734, 186.1106, 180.4377, 184.0813, 1.554977, -1.518951, 17.40787, 0.9704748, -0.1751763, -0.1658068, 0.9765775, -0.108141, -0.1860164, 226.574, 99.69543, 100.232, 210.1717, 100.7844, 96.31889, -16.40233, -1.088951, -3.913155, 42.01834, 79.22327, -66.44141, 24.06104, 79.65327, -87.76243, -17.95731, -0.4300003, -21.32102, 5.052152
14, 3, -0.02556654, -0.1246366, -0.9918731, -0.0186952, -0.1061312, -0.9941763, 187.1621, 181.4765, 191.5922, 186.0934, 181.0773, 189.9903, -1.068695, 0.399231, -1.601944, 0.5618079, 0.2102056, -0.8001161, 0.388541, 0.472529, -0.791045, 165.28, 144.9251, 69.4862, 149.1481, 153.8409, 39.42905, -16.13185, -8.915833, -30.05715, -21.88214, 36.55145, -122.106, -36.9453, 27.23639, -150.5612, -15.06316, 9.315063, -28.45521, 5.207521
15, 0, 0.03245291, -0.01145366, -0.9994077, -0.01392347, -0.1130934, -0.9934868, 180.6566, 178.1401, 109.4396, 186.4943, 180.8029, 187.0186, 5.837692, -2.662796, 77.57909, 0.9586771, -0.1577383, -0.2367637, 0.9774913, -0.1039619, -0.183583, 213.6726, 103.8727, 99.34359, 209.5226, 100.6368, 96.07092, -4.150009, 3.235855, -3.272675, 33.01601, 74.26745, -10.09596, 23.02831, 80.1661, -90.94773, -9.987701, -5.898651, -80.85177, 5.452538
16, 1, -0.01270783, -0.1069385, -0.9941846, -0.01872668, -0.1061545, -0.9941733, 186.1393, 180.7323, 186.7769, 186.0948, 181.0791, 190.0046, -0.04458618, -0.3467865, 3.227737, -0.2706322, -0.859445, 0.4337193, -0.08219353, -0.9318951, 0.3532926, 296.7778, 328.0367, 197.4788, 290.7623, 346.9031, 185.0405, -6.015503, -18.86646, -12.43832, 110.6385, -147.3043, 10.70193, 104.6676, -165.824, -4.964127, -5.970917, 18.51967, -15.66606, 5.596804
17, 5, -0.02756972, -0.0838507, -0.996097, -0.02794507, -0.1085533, -0.9936978, 184.8118, 181.5854, 198.2006, 186.2344, 181.6109, 194.4363, 1.422607, -0.02545166, -3.764328, -0.8633623, -0.2078507, 0.4597867, -0.94258, -0.05769336, 0.3289594, 335.6742, 298.0377, 256.4639, 350.0526, 289.2389, 266.4974, 14.37833, 8.798767, 10.03354, 150.8625, -116.4523, 58.26324, 163.8182, -107.6281, 72.06111, 12.95572, -8.824219, 13.79787, 5.086242
 
IMAGINATION
0, 2, 0.003526908, -0.1302896, -0.9914697, -0.0174583, -0.1062027, -0.9941912, 187.4864, 179.7962, 178.4494, 186.0974, 181.006, 189.3352, -1.388977, -1.209854, 10.88577, 0.9991799, -0.03389941, -0.02214544, -0.3029861, 0.7345658, -0.6071347, 236.8447, 91.26968, 91.94315, 129.5745, 206.5211, 337.5853, -107.2702, -115.2515, 245.6422, 49.35828, 88.5265, -86.50626, -56.52292, -25.51512, 148.2502, -105.8812, 114.0416, 234.7564, 6.874276
1, 3, 0.006457288, -0.1028005, -0.9946812, -0.0380477, -0.1036632, -0.9938844, 185.9006, 179.6281, 176.4058, 185.9545, 182.1923, 200.1548, 0.0539093, -2.56427, 23.74899, -0.9701623, -0.1781153, 0.1644994, 0.9688278, -0.0892333, -0.231106, 312.7242, 279.6235, 259.5967, 201.1123, 103.4167, 95.26235, -111.6119, 176.2068, -164.3344, 126.8236, -99.99542, 83.19098, 15.15779, 78.7756, -104.8924, -111.6658, -178.771, -188.0834, 6.24136
2, 8, 0.00435369, -0.08211199, -0.9966137, -0.02788429, -0.105283, -0.9940513, 184.71, 179.7497, 176.965, 186.0458, 181.6068, 194.8342, 1.335831, -1.857086, 17.86928, 0.4849238, -0.6842807, -0.5446184, 0.2996395, -0.913339, -0.2757318, 231.4837, 138.3184, 144.6763, 253.2012, 132.6206, 161.8369, 21.71748, 5.697769, 17.16061, 46.77374, 41.43132, -32.2887, 67.1554, 48.98618, -32.99736, 20.38165, -7.554855, -0.7086639, 6.08554
3, 5, -0.03814908, -0.06866238, -0.9969104, -0.03470773, -0.1043673, -0.993933, 183.94, 182.1915, 209.0567, 185.9943, 181.9999, 198.3947, 2.054291, 0.1915588, -10.66197, 0.02943477, -0.1603606, 0.9866195, -0.9565138, -0.06772728, 0.2837153, 350.7681, 1.708853, 169.5989, 346.5739, 286.5211, 265.9499, -4.194275, -284.8122, 96.35092, 166.8281, 180.4826, -39.45778, 160.5795, -104.5212, 67.55511, -6.248566, 285.0038, 107.0129, 6.884793
4, 1, -0.05449264, -0.06559652, -0.9963573, -0.04414235, -0.1026371, -0.9937389, 183.7667, 183.1305, 219.7172, 185.8968, 182.5434, 203.2717, 2.130096, 0.5870667, -16.44557, 0.8782693, 0.01747205, -0.4778473, 0.1666745, 0.02971974, -0.985564, 177.906, 118.5497, 88.86033, 178.2728, 170.4012, 79.88984, 0.366806, -51.85155, -8.97049, -5.860748, 64.58084, -130.8569, -7.624039, 12.14223, -123.3818, -1.76329, 52.43861, 7.475075, 6.763057
5, 7, -0.05505312, -0.1952496, -0.9792073, -0.04333282, -0.09758211, -0.9942837, 191.2766, 183.2179, 195.7465, 185.6052, 182.4955, 203.9443, -5.671417, 0.7224121, 8.197861, -0.9260299, 0.2136434, -0.3111677, -0.2809796, 0.7299522, -0.6230733, 145.5271, 251.4265, 282.9913, 130.4834, 204.2733, 338.9468, -15.04361, 47.15311, 55.95551, -45.74959, -68.20856, 87.24486, -55.12178, -21.77786, 135.0025, -9.372192, -46.43069, 47.75764, 5.862979
6, 4, -0.02117519, -0.1002763, -0.9947343, -0.02714637, -0.1021611, -0.9943975, 185.7564, 181.2195, 191.9239, 185.8658, 181.5638, 194.8808, 0.1094208, -0.3442688, 2.956955, -0.975732, 0.1468421, 0.1624337, 0.3680026, 0.4662107, -0.8045009, 42.11398, 279.4516, 278.5585, 149.9076, 155.4192, 38.28574, 107.7936, 124.0323, -240.2727, -143.6424, -98.23209, 86.6346, -35.95821, 26.14452, -156.5951, 107.6842, -124.3766, -243.2297, 5.874443
7, 6, -0.01465017, -0.1387543, -0.9902187, -0.02187017, -0.1013971, -0.9946056, 187.9766, 180.8476, 186.0272, 185.821, 181.2597, 192.1716, -2.155609, -0.4120331, 6.144409, -0.4945439, 0.7950511, -0.3511698, 0.3444908, 0.4542469, -0.8215752, 113.8308, 234.6219, 328.1172, 151.0619, 157.2514, 37.17588, 37.23111, 77.37045, -290.9414, -74.14583, -53.77426, 142.0901, -34.75911, 24.00822, -154.9957, 39.38672, -77.78249, -297.0858, 6.119425
8, 1, -0.02132962, -0.1291929, -0.99139, -0.0398965, -0.1039642, -0.9937805, 187.4247, 181.2325, 189.3749, 185.9723, 182.299, 200.9944, -1.452377, -1.066452, 11.61951, -0.7000639, -0.5262866, 0.4826313, -0.1398904, -0.9353501, 0.324886, 312.5224, 304.5828, 233.0653, 289.1542, 336.7041, 188.5061, -23.36816, -32.12131, -44.5592, 125.0977, -123.3503, 43.69037, 103.182, -154.4051, -12.48834, -21.91579, 31.05486, -56.17871, 7.661596
9, 4, -0.03640359, -0.001066372, -0.9993367, -0.02503935, -0.1068895, -0.9939556, 180.0611, 182.0862, 268.3221, 186.138, 181.4431, 193.1841, 6.076828, 0.6431732, -75.13805, -0.3628136, -0.1523568, 0.9193224, -0.9401717, -0.04006381, 0.3383375, 350.5901, 338.4632, 247.2209, 353.2468, 289.7922, 267.5599, 2.656769, 48.67099, 20.33899, 170.5289, -156.3769, -21.1012, 167.1089, -108.3491, 74.37584, -3.420059, -48.02782, 95.47704, 6.896478
10, 0, 0.009185211, -0.08844565, -0.9960387, -0.01480982, -0.104738, -0.9943896, 185.0744, 179.4716, 174.071, 186.0127, 180.8533, 188.0482, 0.938324, -1.381607, 13.9772, 0.9455605, -0.2536942, 0.2038499, 0.9522097, -0.09201957, -0.2912543, 308.7828, 77.83401, 105.0188, 197.5335, 107.0074, 95.51981, -111.2493, -29.17339, -9.498962, 123.7084, 101.6376, -69.05223, 11.5208, 73.84585, -92.5284, -112.1876, 27.79179, -23.47617, 6.374255
11, 1, -0.03004812, -0.08471685, -0.9959521, -0.03199239, -0.1020802, -0.9942616, 184.8619, 181.7281, 199.529, 185.862, 181.843, 197.4012, 1.000031, -0.1148682, -2.127792, 0.5513329, -0.8238075, -0.1318084, 0.2780974, -0.9136938, -0.2963537, 260.9098, 103.4455, 146.2076, 252.0297, 136.8203, 163.0715, -8.880096, -33.37482, 16.86392, 76.04785, 78.28264, -53.32141, 66.16772, 45.02269, -34.3297, -9.880127, 33.25995, 18.99171, 7.651438
12, 8, -0.03762393, -0.09921974, -0.9943541, -0.04905711, -0.09791926, -0.9939846, 185.6983, 182.1669, 200.7666, 185.6262, 182.8255, 206.6107, -0.0721283, -0.6585846, 5.84404, -0.4081824, -0.4908768, -0.7696929, -0.1750876, -0.3499193, -0.9202721, 212.528, 207.9378, 219.7448, 200.8185, 190.7721, 206.5818, -11.70944, 17.16571, -13.16298, 26.82968, -25.77094, 18.97816, 15.19237, -7.94664, -0.02885437, -11.63731, -17.8243, -19.00702, 6.296553
13, 6, -0.01068852, -0.09214422, -0.9956884, -0.0374168, -0.09791082, -0.9944916, 185.2873, 180.615, 186.6166, 185.6228, 182.1547, 200.9144, 0.3355408, -1.539642, 14.29782, -0.5894791, 0.4114294, -0.6951548, -0.1820886, -0.3571711, -0.9161182, 149.3807, 220.2974, 304.9133, 201.2995, 191.2417, 207.0128, 51.91884, 29.05571, -97.90044, -35.90657, -39.68233, 118.2966, 15.67673, -9.086975, 6.098389, 51.5833, -30.59535, -112.1983, 6.29562
14, 2, -0.01637433, -0.2307256, -0.9728812, -0.04172442, -0.09388825, -0.994708, 193.3416, 180.9642, 184.0594, 185.392, 182.4019, 203.9606, -7.94957, -1.437698, 19.90121, -0.6363655, -0.7595801, 0.1344512, -0.1172471, -0.9367558, 0.3297602, 280.0378, 281.93, 219.9558, 289.3933, 340.427, 187.1342, 9.355499, -58.49704, -32.82161, 86.69617, -100.9658, 35.89641, 104.0012, -158.0251, -16.82642, 17.30507, 57.05934, -52.72282, 6.39681
15, 5, -0.01382723, -0.07791913, -0.9968638, -0.03641415, -0.09864385, -0.9944563, 184.4694, 180.7947, 190.0627, 185.6649, 182.0971, 200.2615, 1.195465, -1.302368, 10.19878, -0.9590977, 0.2819554, -0.02515638, 0.1662342, 0.02764062, -0.9856988, 95.0985, 268.4975, 286.3823, 178.3938, 170.4274, 80.5595, 83.29526, 98.07016, -205.8228, -89.3709, -87.70284, 96.31953, -7.271103, 11.66969, -119.702, 82.09979, -99.37253, -216.0215, 5.386387
16, 3, 0.03075363, -0.1483407, -0.988458, -0.03639359, -0.09998357, -0.9943233, 188.5349, 178.2179, 168.2875, 185.742, 182.0962, 200.0013, -2.792816, -3.87822, 31.71378, 0.05967183, 0.09267111, 0.9939071, 0.1707631, 0.03985813, -0.9845056, 5.326813, 3.435779, 32.77788, 177.6816, 170.1599, 76.86171, 172.3548, -166.7241, 44.08383, -183.208, 174.7822, -135.5096, -8.06041, 11.93625, -123.1396, 175.1476, 162.8459, 12.37006, 6.162933
17, 0, -0.09889717, -0.1930869, -0.976185, -0.04387169, -0.09396132, -0.9946088, 191.1885, 185.7849, 207.1211, 185.3967, 182.5257, 205.0284, -5.791794, 3.259247, -2.092621, -0.4093144, 0.5378714, -0.7369914, -0.3184198, 0.7030511, -0.635868, 143.8773, 209.0472, 322.7292, 132.1275, 206.6001, 335.6337, -11.7498, 2.447113, 12.90445, -47.31126, -23.26227, 115.6082, -53.26927, -24.0744, 130.6053, -5.958008, 0.8121338, 14.99707, 5.953134
 
LOCOMOTION
18, 8, 0.003196206, -0.05798703, -0.9983124, -0.04390794, -0.09556496, -0.9944543, 183.3243, 179.8166, 176.8451, 185.4891, 182.5281, 204.6767, 2.164856, -2.711563, 27.83162, -0.9662201, -0.1534255, 0.2070733, -0.9747578, -0.06087114, 0.2148069, 323.4644, 282.0963, 260.9774, 344.1785, 282.4276, 266.4267, 20.71417, -0.3313599, 5.44931, 140.1401, -102.2797, 84.13226, 158.6894, -99.89949, 61.74995, 18.54932, -2.380203, -22.38231, 7.763148
19, 0, -0.9897323, -0.1017476, 0.1003855, -0.04812109, -0.07976646, -0.9956513, 314.6139, 275.7915, 264.1304, 184.5805, 182.767, 211.1015, -130.0334, 93.02451, -53.02892, -0.08429766, -0.8505608, 0.5190762, -0.2149076, -0.9452938, 0.245427, 301.3947, 350.7757, 185.66, 284.5544, 318.7931, 192.8082, -16.8403, 31.98267, 7.148178, -13.21921, -74.98419, -78.47043, 99.97392, -136.026, -18.29333, 113.1931, 61.04184, 60.17709, 5.697908
20, 4, -0.03801135, -0.0352136, -0.9986567, -0.03419635, -0.09988934, -0.9944107, 182.0195, 182.1798, 227.1881, 185.7362, 181.9695, 198.8982, 3.716705, 0.2102203, -28.28984, 0.2748864, -0.04939874, -0.960207, -0.9087728, -0.08048717, 0.4094555, 182.945, 164.0247, 100.1877, 348.8791, 294.2544, 264.9387, 165.9341, -130.2296, 164.751, 0.9255829, 18.15503, -127.0004, 163.1429, -112.2848, 66.04045, 162.2173, 130.4398, 193.0409, 4.987185
21, 2, -0.02580265, -0.170382, -0.9850403, -0.02518216, -0.09447586, -0.9952086, 189.8133, 181.5005, 188.6114, 185.4229, 181.4495, 194.925, -4.390442, 0.05102539, 6.313522, -0.1119836, -0.8885062, 0.4449906, -0.1350574, -0.9505314, 0.2797312, 296.6031, 345.8746, 187.1834, 286.3986, 334.2282, 188.0868, -10.2045, 11.64639, 0.9033661, 106.7898, -164.3741, -1.427994, 100.9757, -152.7787, -6.83815, -5.814056, -11.59537, -5.410156, 5.230704
22, 1, -0.08624142, -0.07360133, -0.993552, -0.04996501, -0.1012482, -0.9936057, 184.2367, 184.9609, 229.5215, 185.8183, 182.8788, 206.2659, 1.581665, 2.082108, -23.25557, 0.2612546, -0.8892087, -0.3755715, 0.3057397, -0.9098622, -0.2804891, 247.1024, 145.1768, 163.6269, 252.8667, 132.5336, 161.4262, 5.764252, 12.64317, -2.200729, 62.86577, 39.7841, -65.89455, 67.04836, 50.34517, -44.83971, 4.182587, -10.56107, 21.05484, 5.020353
23, 2, -0.0643427, 0.000599027, -0.9979278, -0.008961878, -0.1027301, -0.994669, 179.9656, 183.6891, 270.5334, 185.8967, 180.5162, 184.9857, 5.931046, 3.172897, -85.54773, -0.1423496, -0.5127843, -0.846634, -0.1669181, -0.3435746, -0.9241725, 211.2022, 189.5442, 195.5147, 200.3934, 190.238, 205.9118, -10.80884, -0.6938019, 10.39706, 31.23659, -5.855103, -75.01871, 14.4967, -9.721802, 20.92609, -16.73988, 3.866699, 95.94479, 5.642359
24, 6, -0.02377536, -0.1223378, -0.9922039, -0.02735294, -0.09241305, -0.995345, 187.029, 181.3727, 190.9979, 185.3044, 181.5741, 196.488, -1.724609, -0.2014618, 5.490128, 0.6907288, 0.5041091, 0.5184283, 0.5247076, 0.7454309, 0.411114, 44.19771, 53.10985, 53.8772, 61.12275, 51.92093, 35.14165, 16.92504, 1.188923, -18.73555, -142.8313, 128.2628, -137.1207, -124.1817, 129.6532, -161.3464, 18.64965, -1.390381, -24.22569, 5.564848
25, 4, 0.002860526, -0.1524314, -0.98831, -0.03440262, -0.0935606, -0.995019, 188.7679, 179.8342, 178.9249, 185.3717, 181.9802, 200.1887, -3.39624, -2.146027, 21.26375, 0.8960416, -0.2542631, -0.3639502, 0.9545822, -0.09935016, -0.280896, 214.9389, 112.1058, 105.842, 199.4782, 106.3971, 95.94179, -15.46074, 5.708702, -9.900169, 26.17104, 67.72838, -73.08297, 14.10654, 75.58311, -104.2469, -12.0645, -7.854729, -31.16392, 5.231531
26, 6, -0.05948969, -0.09109447, -0.9940639, -0.04112885, -0.0957535, -0.994555, 185.2359, 183.4248, 213.1467, 185.4994, 182.3681, 203.2449, 0.2634888, 1.056717, -9.901855, -0.2200452, -0.4321778, -0.87453, -0.1739367, -0.3489403, -0.9208619, 206.2978, 194.1233, 206.9831, 200.7531, 190.6963, 206.4949, -5.544693, 3.427048, -0.488205, 21.06192, -10.69855, -6.16362, 15.25374, -8.328217, 3.250031, -5.808182, -2.370331, 9.413651, 4.687251
27, 5, -0.01213964, -0.04678661, -0.9988311, -0.03610622, -0.09810195, -0.9945211, 182.6819, 180.6963, 194.5457, 185.6336, 182.0792, 200.206, 2.951706, -1.382874, 5.660355, -0.3902345, 0.2489601, -0.8864174, -0.264599, 0.7189133, -0.6427683, 164.312, 203.7609, 302.5369, 131.7994, 202.3748, 339.7936, -32.51265, 1.386139, 37.25677, -18.36984, -23.06458, 107.9912, -53.8342, -20.29556, 139.5876, -35.46436, -2.769012, 31.59642, 4.308675
28, 0, -0.01966242, -0.1434927, -0.9894561, -0.03469892, -0.09405261, -0.9949623, 188.2516, 181.1384, 187.8025, 185.4001, 181.9974, 200.2506, -2.851563, -0.8589325, 12.44807, 0.4702725, 0.443069, -0.7632389, 0.3792169, 0.4468549, -0.8102562, 149.8643, 148.3605, 46.70603, 151.1234, 154.9194, 40.31912, 1.259018, -6.558868, -6.386909, -38.38728, 32.77788, -141.0965, -34.2767, 27.07794, -159.9315, 4.11058, 5.699936, -18.83498, 5.298529
29, 6, -0.02512444, -0.04063512, -0.9988584, -0.04291504, -0.09864273, -0.9941971, 182.3296, 181.4409, 211.7282, 185.6662, 182.4717, 203.5117, 3.336655, -1.030807, -8.216522, 0.2540409, 0.3363909, -0.9068099, 0.3594201, 0.4580651, -0.8130151, 159.6471, 164.3499, 37.05994, 150.6024, 156.1506, 38.11945, -9.044708, 8.199295, 1.059502, -22.68246, 17.09096, -174.6683, -35.06383, 26.32106, -165.3923, -12.38136, -9.230103, 9.276016, 5.319623
30, 8, -0.0408632, -0.1034719, -0.9937927, -0.03502514, -0.09680232, -0.9946871, 185.9441, 182.3546, 201.5501, 185.5585, 182.0167, 199.8912, -0.3856354, 0.3379059, -1.65889, 0.6879608, 0.5931724, 0.4181584, 0.5177633, 0.7430713, 0.4239885, 54.81797, 58.7078, 49.23149, 60.29139, 50.68647, 34.86833, 5.473412, 8.021324, -14.36316, -131.1261, 123.6468, -152.3186, -125.2671, 131.3302, -165.0229, 5.859039, -7.683411, -12.70427, 6.186557
31, 4, -0.04645505, -0.1955812, -0.9795867, -0.05484878, -0.09264357, -0.9941874, 191.291, 182.7151, 193.3615, 185.3237, 183.1578, 210.6273, -5.967285, -0.4426727, 17.26581, -0.2723857, -0.4390495, -0.8561787, -0.1756383, -0.3462609, -0.92155, 207.1488, 197.648, 211.8154, 200.5931, 190.7906, 206.8961, -6.555725, 6.857407, -4.919357, 15.85777, -14.93291, 18.45395, 15.26933, -7.632828, -3.731216, -0.5884399, -7.300079, -22.18517, 5.998052
32, 3, -0.03755118, -0.1051415, -0.9937481, -0.03705858, -0.09525881, -0.9947625, 186.0396, 182.164, 199.6541, 185.47, 182.1335, 201.2576, -0.5696106, 0.0305481, 1.603424, 0.1181158, 0.2048489, -0.9716408, 0.1697959, 0.02506243, -0.9851605, 168.0948, 173.069, 29.96773, 178.5427, 170.2209, 81.60358, 10.44792, 2.848007, 51.63585, -17.94478, 9.095078, -169.6864, -6.927246, 11.91254, -119.654, 11.01753, -2.817459, 50.03243, 5.787451
33, 8, -0.01638861, -0.1066223, -0.9941645, -0.02052945, -0.09693747, -0.9950787, 186.1215, 180.9444, 188.7384, 185.564, 181.1819, 191.9574, -0.5574646, -0.2374878, 3.219055, -0.2883071, -0.4246991, -0.8582014, -0.1707012, -0.348051, -0.9218035, 206.3295, 198.5694, 214.1706, 200.6853, 190.4913, 206.1256, -5.644119, 8.07814, -8.045044, 20.20799, -17.62502, 25.43224, 15.12134, -9.309387, 14.16814, -5.086655, -8.315628, -11.2641, 5.265337
34, 7, -0.02538877, -0.1346365, -0.9905699, -0.03018732, -0.0951779, -0.9950024, 187.7401, 181.4682, 190.679, 185.4641, 181.7378, 197.5973, -2.276062, -0.2695618, 6.91832, -0.9276811, -0.1934237, 0.3193668, -0.9734586, -0.04866158, 0.2236297, 328.7989, 288.9967, 258.2224, 347.7239, 282.9379, 267.1382, 18.92496, 6.058807, 8.915833, 141.0588, -107.5285, 67.54341, 162.2598, -101.2001, 69.54092, 21.20102, -6.328369, 1.997513, 5.409372
35, 6, -6.978062E-05, -0.08659548, -0.9962437, -0.02908647, -0.09573583, -0.9949817, 184.9678, 180.004, 180.0462, 185.496, 181.6745, 196.8998, 0.5282288, -1.670441, 16.85368, -0.07374582, -0.8888832, 0.4521596, -0.1333135, -0.9513512, 0.2777742, 296.9617, 350.7368, 184.7427, 286.2767, 334.362, 187.9769, -10.685, 16.37476, 3.234283, 111.9939, -170.7328, 4.696503, 100.7807, -152.6876, -8.922897, -11.21323, -18.0452, -13.6194, 5.499051
 
IMAGINATION
18, 4, -0.03484521, -0.01690212, -0.9992499, -0.03448122, -0.09685424, -0.994701, 180.969, 181.9972, 244.1237, 185.5614, 181.9854, 199.5963, 4.592331, 0.0118103, -44.52737, -0.8684237, -0.4856166, 0.1000849, -0.1750091, -0.3302926, -0.927512, 281.6455, 276.5743, 240.7864, 199.6011, 190.6853, 207.9174, -82.04439, 85.88896, -32.869, 100.6765, -94.57712, -3.337311, 14.03975, -8.699966, 8.32106, -86.63672, -85.87715, 11.65837, 6.907583
19, 6, -0.03796966, -0.08232832, -0.9958817, -0.02409173, -0.09203568, -0.9954642, 184.7258, 182.1834, 204.7591, 185.2823, 181.3864, 194.6689, 0.5564423, 0.7970734, -10.09016, 0.7579265, 0.6520712, 0.01872665, 0.5777565, 0.746522, 0.3300035, 88.355, 88.58464, 49.29342, 66.15195, 60.26581, 37.7374, -22.20304, 28.31883, -11.55602, -96.37083, 93.5988, -155.4657, -119.1303, 121.1206, -156.9315, -22.75948, -27.52176, -1.465851, 5.886398
20, 8, -0.007907025, -0.09815633, -0.9951398, -0.03588489, -0.09207199, -0.9951055, 185.6332, 180.4552, 184.6055, 185.2862, 182.0653, 201.2933, -0.3469696, -1.610016, 16.68773, 0.6254604, 0.5492026, 0.5542344, 0.5414347, 0.7429847, 0.3934745, 44.73873, 48.45514, 48.71437, 62.09492, 53.99313, 36.08192, 17.3562, -5.537998, -12.63245, -140.8945, 132.0001, -135.8912, -123.1913, 128.0721, -165.2113, 17.70317, 3.927979, -29.32018, 7.318532
21, 3, -0.03950254, -0.09728134, -0.9944727, -0.04091219, -0.09524734, -0.9946126, 185.587, 182.2747, 202.1003, 185.4701, 182.3555, 203.2453, -0.1168671, -0.08076477, 1.144928, -0.7846439, 0.5719703, 0.2391313, 0.409603, 0.8143252, 0.4112175, 67.31101, 286.9493, 306.0904, 63.20716, 44.8873, 26.70225, -4.103848, 242.062, -279.3881, -118.276, -104.6746, 103.99, -122.263, 137.4682, -176.543, -3.986977, -242.1428, -280.533, 7.253324
22, 7, -0.01564987, -0.05720852, -0.9982396, -0.02060086, -0.09530149, -0.9952352, 183.28, 180.8982, 195.2994, 185.4698, 181.1858, 192.1977, 2.189835, -0.2876434, -3.101746, 0.7008386, -0.6821232, 0.2086461, 0.9142426, -0.03904597, -0.4032814, 287.0077, 73.42125, 134.2247, 185.5302, 113.8027, 92.44553, -101.4775, -40.3815, -41.77915, 103.7277, 107.4769, -61.07474, 0.06034851, 67.38307, -99.75214, -103.6673, 40.09386, -38.67741, 6.829662
23, 2, -0.01921163, -0.07400421, -0.997073, -0.04405474, -0.09377779, -0.9946179, 184.2448, 181.1038, 194.5528, 185.3862, 182.5361, 205.1631, 1.141434, -1.432312, 10.61026, 0.5501667, -0.7212276, 0.4208887, 0.2611626, -0.8969282, -0.3568107, 300.2667, 52.58328, 142.6629, 248.3066, 143.7983, 163.7658, -51.96002, -91.21498, 21.10289, 116.0219, 128.5206, -51.88994, 62.92041, 38.73788, -41.39731, -53.10146, 89.78267, 10.49263, 6.53049
24, 8, -0.01928867, -0.1089449, -0.9938606, -0.03599137, -0.0962555, -0.9947057, 186.2557, 181.1118, 190.0402, 185.5272, 182.0722, 200.5015, -0.7284851, -0.9603882, 10.46135, -0.9307581, -0.2185972, 0.2930955, -0.975103, -0.07025193, 0.2103305, 323.2836, 287.4792, 256.7831, 341.5303, 282.1722, 265.8792, 18.2467, 5.306946, 9.09613, 137.0279, -106.3674, 66.74292, 156.0031, -100.1, 65.3777, 18.97519, -6.267334, -1.365219, 7.14165
25, 1, -0.003413351, -0.1107586, -0.9938416, -0.02667588, -0.09206086, -0.995396, 186.3591, 180.1968, 181.7652, 185.2841, 181.5351, 196.1597, -1.075012, -1.338348, 14.3945, 0.7122737, 0.3209867, 0.6242064, 0.5321274, 0.7647817, 0.3632483, 27.21366, 48.77005, 65.74126, 64.59369, 55.68122, 34.82981, 37.38003, -6.911171, -30.91146, -159.1454, 131.4267, -116.0239, -120.6904, 125.8539, -161.3299, 38.45505, 5.572823, -45.30596, 8.618724
26, 5, -0.02132993, -0.08410959, -0.9962283, -0.05897705, -0.09221314, -0.9939912, 184.8259, 181.2266, 194.23, 185.3002, 183.3956, 212.6019, 0.4742737, -2.169022, 18.37186, -0.7483697, -0.6527557, -0.117698, 0.3310295, -0.8852094, -0.326839, 259.7789, 261.0622, 228.9039, 249.7347, 134.635, 159.4964, -10.04413, 126.4271, -69.40744, 74.95296, -79.8356, 34.67381, 64.43456, 48.76054, -53.10548, -10.5184, -128.5961, -87.7793, 5.686147
27, 7, -0.005153848, -0.1192318, -0.9928532, -0.04744403, -0.0926417, -0.9945685, 186.8479, 180.2974, 182.4751, 185.3216, 182.7311, 207.1181, -1.526245, -2.433685, 24.64299, -0.7593683, -0.3349089, -0.5578493, 0.1807603, 0.03857882, -0.9827703, 210.9788, 233.6982, 246.2008, 177.752, 169.5781, 77.95238, -33.22681, 64.12004, -168.2484, 24.13095, -53.40073, 63.72569, -7.569611, 13.153, -129.1657, -31.70056, -66.55373, -192.8914, 5.776053
28, 3, 0.01874506, -0.1642104, -0.9862472, -0.03843011, -0.08976086, -0.9952216, 189.453, 178.9111, 173.4877, 185.1537, 182.2113, 203.1776, -4.299377, -3.300217, 29.68993, -0.5853971, 0.2219848, 0.7797647, 0.3479992, 0.4656646, -0.8136663, 15.89068, 323.1031, 290.7669, 150.2173, 156.844, 36.7714, 134.3266, 166.2592, -253.9955, -173.5624, -144.192, 117.2792, -34.93636, 25.36739, -166.4063, 138.626, -169.5594, -283.6854, 6.941585
29, 0, 0.02566893, -0.1170245, -0.9927973, -0.02567573, -0.09223991, -0.9954058, 186.7226, 178.5189, 167.6283, 185.2942, 181.4776, 195.555, -1.428421, -2.958633, 27.92668, -0.1893546, -0.7457058, 0.6388018, -0.1684758, -0.9650515, 0.2007273, 310.5847, 343.489, 194.2478, 281.7498, 319.9924, 189.9027, -28.8349, 23.49667, -4.345062, 123.862, -164.9701, 26.61949, 96.45557, -138.5148, -5.652252, -27.40648, -26.45531, -32.27174, 7.018953
30, 7, 0.03338013, -0.08053854, -0.9961926, -0.02461757, -0.09272084, -0.9953877, 184.6221, 178.0809, 157.4879, 185.3218, 181.4167, 194.8691, 0.6996765, -3.335846, 37.38123, -0.4361073, -0.3539797, 0.8273505, -0.9940971, 0.0002472117, 0.1084943, 336.8365, 332.2057, 230.9344, 0.1305521, 276.2285, 270.0143, -336.7059, 55.97717, 39.0798, 152.2144, -154.1248, 73.44658, -185.1912, -94.8118, 75.14516, -337.4056, -59.31302, 1.698578, 7.241035
31, 5, 0.00750721, -0.1814582, -0.9833702, -0.02218794, -0.09106679, -0.9955976, 190.455, 179.5626, 177.6309, 185.2263, 181.2767, 193.693, -5.228729, -1.714066, 16.06209, -0.9255123, 0.3333415, -0.179751, -0.3163832, 0.6969563, -0.6435477, 118.3353, 259.009, 289.8075, 132.7184, 206.1798, 335.5843, 14.3831, 52.82915, 45.77682, -72.11969, -79.44637, 112.1766, -52.50786, -24.90315, 141.8913, 19.61183, -54.54321, 29.71474, 6.330182
32, 4, 0.05127859, -0.1939086, -0.9796785, -0.006652205, -0.09032894, -0.9958898, 191.1959, 177.0037, 165.1874, 185.1826, 180.3827, 184.2119, -6.013245, -3.378967, 19.02452, -0.797331, -0.4514559, 0.4005632, 0.9197474, -0.02567841, -0.3916699, 311.5817, 296.674, 240.4811, 183.751, 113.0665, 91.59922, -127.8306, 183.6075, -148.8819, 120.3858, -119.6703, 75.2937, -1.431625, 67.31621, -92.61268, -121.8174, -186.9865, -167.9064, 6.297988
33, 2, -0.02967793, -0.1656529, -0.9857377, -0.02617629, -0.0881013, -0.9957675, 189.5394, 181.7245, 190.1572, 185.0561, 181.5058, 196.5475, -4.483276, 0.218689, 6.390305, 0.8796689, -0.4633401, 0.1072314, -0.2218305, -0.3275556, -0.9184217, 283.0306, 83.04995, 117.7767, 199.6288, 193.5788, 214.107, -83.40181, -110.5289, 96.33031, 93.49121, 98.67455, -72.38049, 14.57268, -12.07301, 17.55952, -78.91853, 110.7476, 89.94001, 6.407758
34, 6, -0.06425365, -0.1419315, -0.9877889, -0.03993396, -0.08985525, -0.9951539, 188.1767, 183.7217, 204.3567, 185.1594, 182.298, 203.9616, -3.017242, 1.423767, -0.3950958, -0.09895711, -0.757117, 0.6457409, -0.1621638, -0.9722254, 0.1687626, 310.4607, 351.2874, 187.4465, 279.8475, 316.1423, 189.4696, -30.61319, 35.14511, 2.023071, 122.284, -167.5657, -16.91019, 94.6881, -133.8444, -14.49202, -27.59595, -33.72134, 2.418167, 7.497245
35, 0, 0.001288588, -0.1363306, -0.9906626, -0.02628152, -0.0950541, -0.9951251, 187.8356, 179.9255, 179.4585, 185.4563, 181.5128, 195.4556, -2.379257, -1.587357, 15.99713, 0.6644788, 0.3631527, -0.6531371, 0.3612438, 0.4464378, -0.8186551, 150.9254, 134.5068, 61.3424, 151.395, 156.1898, 38.97873, 0.4696198, -21.683, -22.36367, -36.91019, 45.41866, -118.1161, -34.06131, 25.32301, -156.4769, 2.848877, 20.09564, -38.3608, 6.1424
