SubjectID, Experiment, Height, Gender, Age, LocomotionRandomOrderId, TrialArray
03PN, locima, 63", female, 33, 2, [see code]Trial, ObjectId, RealStartVectorX, RealStartVectorY, RealStartVectorZ, PerfectStartVectorX, PerfectStartVectorY, PerfectStartVectorZ, RealStartAngleX, RealStartAngleY, RealStartAngleZ, PerfectStartAngleX, PerfectStartAngleY, PerfectStartAngleZ, StartErrorX, StartErrorY, StartErrorZ, RealEndVectorX, RealEndVectorY, RealEndVectorZ, PerfectEndVectorX, PerfectEndVectorY, PerfectEndVectorZ, RealEndAngleX, RealEndAngleY, RealEndAngleZ, PerfectEndAngleX, PerfectEndAngleY, PerfectEndAngle, EndErrorX, EndErrorY, EndErrorZ, RealChangeX, RealChangeY, RealChangeZ, PerfectChangeX, PerfectChangeY, PerfectChangeZ, ChangeErrorX, ChangeErrorY, ChangeErrorZ, ElapsedTime
 
LOCOMOTION
0, 2, 0.07738663, 0.07879458, -0.9938828, 0.03776633, -0.06686224, -0.9970472, 175.4671, 175.5478, 44.4835, 183.8365, 177.8308, 150.5406, 8.369415, -2.28302, 106.0571, -0.2132057, 0.4289832, -0.877791, -0.2490651, 0.7751459, -0.5806164, 153.9549, 193.6521, 333.5725, 126.8347, 203.2177, 342.1871, -27.12016, -9.565582, 8.614563, -21.51221, -18.10437, 289.089, -57.00179, -25.38693, 191.6465, -35.48958, 7.282562, -97.44254, 7.040734
1, 3, 0.04330786, 0.04587405, -0.9980082, 0.04875299, -0.0654198, -0.9966661, 177.3682, 177.5153, 43.35178, 183.7554, 177.1996, 143.3053, 6.387192, 0.3157043, 99.95353, 0.9795241, -0.01043781, 0.2010563, 0.9791887, -0.0481972, -0.1971458, 357.0282, 78.40062, 90.61052, 193.7379, 101.3835, 92.81792, -163.2903, -22.98289, 2.207397, 179.6599, 99.11464, 47.25874, 9.982498, 75.81605, -50.4874, -169.6774, 23.29859, -97.74613, 5.763538
2, 8, 0.07244005, -0.0115597, -0.9973058, 0.02685988, -0.05983051, -0.9978471, 180.6641, 175.8456, 99.0666, 183.4313, 178.4581, 155.8231, 2.767242, -2.612534, 56.75652, 0.3967264, -0.7552987, -0.521663, 0.3247045, -0.9097692, -0.258625, 235.3683, 142.7469, 152.289, 254.1309, 128.5371, 160.3581, 18.76257, 14.20981, 8.069122, 54.70421, 33.09866, 53.22236, 70.69954, 49.92101, 4.534958, 15.99533, -16.82234, -48.6874, 5.342287
3, 5, 0.11196, -0.003684949, -0.993706, 0.02979427, -0.06251322, -0.9975993, 180.2125, 173.5717, 91.8851, 183.5857, 178.2893, 154.5172, 3.373215, -4.717667, 62.63208, -0.9368955, -0.04689648, 0.3464501, -0.876278, -0.01221945, 0.4816508, 352.2911, 290.2936, 267.1344, 358.5467, 298.7956, 269.2011, 6.255585, -8.501984, 2.06665, 172.0787, -116.722, 175.2493, 174.961, -120.5063, 114.6839, 2.88237, 3.784317, -60.56543, 5.397238
4, 1, 0.04427169, 0.001390154, -0.9990185, 0.02037463, -0.0604775, -0.9979616, 179.9203, 177.4626, 88.20148, 183.4679, 178.8304, 161.3815, 3.547668, -1.367813, 73.18007, 0.313978, -0.0341319, -0.9488167, 0.2080887, 0.05384259, -0.9766269, 182.0602, 161.6898, 96.20415, 176.8444, 167.9719, 75.49298, -5.215805, -6.282104, -20.71117, 2.139954, 15.77275, 8.00267, -6.62352, 10.85846, -85.88857, -8.763474, 4.914291, -93.89124, 5.540769
5, 7, 0.02751274, 0.02961046, -0.999183, 0.03504118, -0.06147094, -0.9974936, 178.3026, 178.4228, 42.89688, 183.5264, 177.9881, 150.3149, 5.223862, 0.4346771, 107.4181, -0.4266991, 0.4406112, -0.7898035, -0.2475614, 0.7657037, -0.5936422, 150.844, 208.3806, 315.919, 127.786, 202.6372, 342.0833, -23.05791, 5.743408, 26.16437, -27.45859, -29.95781, 273.0221, -55.74036, -24.64908, 191.7684, -28.28178, -5.308731, -81.25369, 5.008153
6, 4, 0.04362679, -0.006663865, -0.9990258, 0.02681177, -0.06006999, -0.997834, 180.3822, 177.4995, 98.68464, 183.4451, 178.4608, 155.9468, 3.062897, -0.961319, 57.26214, 0.3245234, 0.2820493, -0.9028471, 0.3988021, 0.4927763, -0.7733876, 162.6512, 160.2293, 49.00549, 147.4961, 152.7218, 38.98312, -15.15511, 7.507477, -10.02237, -17.73097, 17.2702, -49.67915, -35.94897, 25.739, -116.9637, -18.218, -8.468796, -67.2845, 5.852695
7, 6, 0.02424323, 0.0329627, -0.9991626, 0.01937283, -0.06131917, -0.9979302, 178.1105, 178.6101, 36.33354, 183.5162, 178.8879, 162.4669, 5.405716, -0.2777863, 126.1333, 0.3744067, 0.3760318, -0.8475965, 0.3935115, 0.4800446, -0.7840318, 156.0758, 156.1676, 44.87593, 148.5218, 153.3476, 39.34282, -7.553955, 2.820053, -5.533104, -22.0347, 22.44244, 8.542389, -34.99437, 25.54028, -123.1241, -12.95967, -3.097839, -131.6665, 5.012661
8, 1, 0.06167458, 0.06831847, -0.9957555, 0.02137257, -0.06239992, -0.9978223, 176.0751, 176.4558, 42.07418, 183.5784, 178.773, 161.0932, 7.503296, -2.3172, 119.019, -0.6569999, -0.1449392, -0.7398269, -0.02560305, -0.9084793, 0.4171447, 191.0844, 221.6065, 257.5594, 294.6631, 356.4878, 181.6143, 103.5787, -134.8812, -75.9451, 15.00931, -45.15076, 215.4852, 111.0847, -177.7148, 20.5211, 96.07538, 132.564, -194.9641, 5.24248
9, 4, -0.04072057, -0.01323457, -0.9990831, 0.03001334, -0.05788242, -0.9978722, 180.7589, 182.334, 251.9953, 183.3198, 178.2772, 152.5923, 2.560822, 4.056747, -99.40309, -0.8717921, 0.02335526, 0.489319, -0.8722939, -0.02869394, 0.4881393, 2.732661, 299.3046, 271.5346, 356.6359, 299.2316, 268.1159, 353.9032, 0.07302856, -3.41864, -178.0263, -116.9706, 19.53923, 173.3161, -120.9543, 115.5237, 351.3424, 3.983719, 95.98445, 5.552854
10, 0, -0.0260452, -0.00188407, -0.9996591, 0.01278272, -0.05799199, -0.9982352, 180.108, 181.4924, 265.8625, 183.3248, 179.2663, 167.5695, 3.216858, 2.226105, -98.293, 0.04935014, 0.003958796, -0.9987737, 0.9838804, -0.04840702, -0.1721513, 179.7729, 177.1713, 85.41364, 195.7054, 99.92467, 92.81669, 15.93248, 77.24659, 7.403046, -0.3350677, 4.321182, -180.4489, 12.38055, 79.34167, -74.75283, 12.71562, -75.02048, 105.6961, 7.018725
11, 1, 0.03197399, 0.006604753, -0.999467, 0.01015058, -0.05727815, -0.9983066, 179.6214, 178.1677, 78.32877, 183.2838, 179.4174, 169.9506, 3.662369, -1.249771, 91.62185, 0.4312865, -0.3953118, -0.8109999, 0.3184329, -0.9062077, -0.2781871, 205.9863, 151.9961, 132.508, 252.9346, 131.1409, 160.639, 46.94826, 20.85526, 28.13103, 26.36496, 26.17154, 54.17921, 69.65085, 48.27657, -9.311615, 43.28589, -22.10503, -63.49082, 4.953488
12, 8, 0.008375461, 0.03812195, -0.9992381, 0.01216085, -0.05868581, -0.9982024, 177.8152, 179.5198, 12.39112, 183.3646, 179.302, 168.2929, 5.549454, 0.2177429, 155.9018, -0.1820794, 0.09429037, -0.9787527, -0.1608987, -0.3429022, -0.9254889, 174.4973, 190.5384, 297.3775, 200.3301, 189.8624, 205.1372, 25.83287, 0.6759338, -92.2403, -3.317902, -11.01862, 284.9864, 16.96552, -10.56042, 36.84431, 20.28342, -0.4581909, -248.1421, 5.19712
13, 6, 0.01613374, -0.001004037, -0.9998694, 0.01156041, -0.05688542, -0.9983138, 180.0575, 179.0756, 93.56104, 183.2613, 179.3365, 168.5126, 3.203751, -0.2609863, 74.95158, -0.2303064, 0.1155821, -0.9662299, -0.1599422, -0.3441344, -0.9251973, 173.1786, 193.4066, 296.6503, 200.4031, 189.808, 204.9274, 27.22447, 3.598633, -91.7229, -6.878922, -14.33105, 203.0893, 17.1418, -10.47144, 36.41481, 24.02072, -3.859619, -166.6745, 4.797436
14, 2, 0.03441839, 0.0003526596, -0.9994075, 0.01439563, -0.05728855, -0.9982539, 179.9798, 178.0276, 89.41296, 183.2845, 179.1738, 165.8946, 3.304733, -1.146225, 76.48165, -0.435511, -0.7224424, 0.5370356, -0.05826268, -0.9544283, 0.292698, 306.6257, 320.9595, 211.0829, 287.0494, 348.7422, 183.4933, -19.57629, -27.78265, -27.58963, 126.6459, -142.9319, 121.6699, 103.7648, -169.5684, 17.59866, -22.88103, 26.63643, -104.0713, 4.66312
15, 5, -0.007119882, 0.002275243, -0.9999723, 0.03000212, -0.05779302, -0.9978777, 179.8696, 180.4079, 287.7219, 183.3146, 178.2779, 152.5648, 3.445007, 2.130066, -135.1571, -0.09725338, 0.02804233, -0.9948645, 0.217775, 0.05190883, -0.9746177, 178.3854, 185.5832, 286.0845, 176.9513, 167.4044, 76.59315, -1.434174, 18.17888, -209.4914, -1.484192, -5.175293, -1.63736, -6.363373, 10.87352, -75.97165, -4.879181, -16.04881, -74.33429, 4.331254
16, 3, 0.0129118, 0.03333534, -0.999361, 0.02432981, -0.05840606, -0.9979964, 178.0895, 179.2598, 21.17291, 183.3493, 178.6035, 157.3852, 5.259796, 0.6562958, 136.2123, 0.2884854, 0.04009768, -0.9566444, 0.208805, 0.05151839, -0.9765994, 177.5999, 163.2188, 82.08694, 176.9803, 167.9314, 76.14024, -0.6195831, -4.712601, -5.946701, -0.4896545, 16.04097, 60.91403, -6.369034, 10.67207, -81.24495, -5.879379, 5.368896, -142.159, 4.58578
17, 0, 0.01477857, 0.03564679, -0.9992554, 0.02450668, -0.05764965, -0.9980361, 177.9569, 179.1527, 22.51809, 183.3059, 178.5934, 156.9698, 5.348953, 0.5592804, 134.4517, -0.1653897, 0.3613436, -0.9176477, -0.2488592, 0.7499641, -0.6128809, 158.5069, 190.2169, 335.4061, 129.2562, 202.0995, 341.6427, -29.25073, -11.88266, 6.236633, -19.45004, -11.06418, 312.888, -54.04973, -23.50612, 184.6729, -34.59969, 12.44194, -128.2151, 4.553197
 
IMAGINATION
0, 5, 0.01471413, 0.0923181, -0.995621, 0.01667948, -0.05827983, -0.9981609, 174.7024, 179.1533, 9.055926, 183.3415, 179.0427, 164.0291, 8.639099, 0.1106262, 154.9731, -0.9864025, 0.1141697, 0.1182182, 0.21767, 0.05126762, -0.974675, 44.00195, 276.8342, 276.6022, 176.989, 167.411, 76.74672, 132.9871, 109.4232, -199.8555, -130.7005, -97.68088, 267.5463, -6.352493, 11.6317, -87.28235, 124.348, -109.3126, -354.8286, 7.417814
1, 2, 0.001982879, 0.07015752, -0.997534, 0.01360679, -0.05612808, -0.9983308, 175.977, 179.8861, 1.618934, 183.2179, 179.2191, 166.373, 7.240921, 0.6669769, 164.7541, 0.8395234, -0.5341406, 0.09946962, 0.299644, -0.9064624, -0.2975557, 280.549, 83.2429, 122.4663, 251.827, 134.7997, 161.708, -28.72194, -51.55675, 39.2417, 104.572, 96.6432, 120.8473, 68.60916, 44.41948, -4.66507, -35.96286, 52.22372, -125.5124, 8.361454
2, 7, 0.1177838, -0.01089014, -0.9929796, -0.00129164, -0.05366828, -0.998558, 180.6283, 173.2354, 95.28248, 183.0764, 180.0741, 181.3787, 2.448105, -6.83873, 86.0962, -0.6019709, 0.4553733, -0.655947, -0.2488269, 0.7540378, -0.6078752, 145.2308, 222.543, 307.1064, 128.8744, 202.2612, 341.7375, -16.35638, 20.2818, 34.63104, -35.39758, -49.3076, 211.824, -54.20207, -22.18707, 160.3588, -18.80449, -27.12053, -51.46516, 6.552864
3, 1, 0.04578731, 0.005804983, -0.9989344, 0.01656227, -0.05412158, -0.998397, 179.6671, 177.3756, 82.77451, 183.1029, 179.0496, 162.9849, 3.435822, -1.673996, 80.21036, 0.3305575, -0.6445121, -0.6894463, 0.196584, 0.07704981, -0.9774549, 223.0707, 154.3844, 152.8476, 175.4929, 168.6285, 68.59763, -47.57785, -14.24403, -84.24998, 43.40367, 22.99117, 70.0731, -7.610001, 10.42113, -94.38724, -51.01367, 12.57004, -164.4603, 5.430852
4, 3, 0.02026545, 0.04583241, -0.9987437, 0.01647877, -0.05583393, -0.9983041, 177.3725, 178.8376, 23.85329, 183.2012, 179.0543, 163.5566, 5.828613, -0.2167511, 139.7033, -0.7951244, -0.005870614, 0.606418, 0.9697851, -0.03596868, -0.2412947, 359.4453, 307.3317, 269.577, 188.4784, 103.9722, 92.12409, -170.9669, 203.3595, -177.4529, 182.0728, -128.4941, 245.7237, 5.277237, 75.08213, -71.43253, -176.7956, -203.5763, -317.1562, 10.11696
5, 0, 0.1258727, -0.005347705, -0.9920321, 0.02169176, -0.05376465, -0.998318, 180.3089, 172.7687, 92.43275, 183.0827, 178.7553, 158.028, 2.773849, -5.986526, 65.59526, -0.09330892, 0.4959518, -0.8633223, -0.2578585, 0.7529386, -0.6054688, 150.124, 186.1687, 349.3449, 128.8042, 203.0683, 341.0952, -21.31978, -16.89964, -8.249634, -30.18489, -13.39992, 256.9121, -54.27852, -24.31303, 183.0672, -24.09363, 10.91312, -73.84488, 7.396748
6, 8, 0.09895475, -0.1331333, -0.9861459, 0.009521654, -0.04582137, -0.9989043, 187.6887, 174.2699, 143.3775, 182.6264, 179.4539, 168.261, -5.062256, -5.184021, 24.88354, 0.4293584, -0.6947309, -0.5770618, 0.3215362, -0.9056088, -0.2765631, 230.2861, 143.3492, 148.2831, 253.0179, 130.6998, 160.4526, 22.7318, 12.64934, 12.16956, 42.59743, 30.92067, 4.905563, 70.39148, 48.75403, -7.808426, 27.79405, -17.83336, -12.71399, 6.285908
7, 2, 0.0206103, 0.08621928, -0.996063, 0.01227972, -0.05666009, -0.998318, 175.0528, 178.8146, 13.44399, 183.2484, 179.2953, 167.7716, 8.195557, -0.4806671, 154.3276, 0.720504, 0.4993798, -0.4811383, -0.2743998, 0.7510052, -0.6005796, 133.9342, 123.7342, 55.27425, 128.6494, 204.5553, 339.9289, -5.284836, -80.82106, 284.6546, -41.11862, 55.08041, 41.83026, -54.59901, -25.25998, 172.1572, -13.48039, 80.34039, 130.327, 7.007279
8, 7, 0.02638977, -0.06076315, -0.9978034, 0.01265171, -0.0504559, -0.9986461, 183.4848, 178.485, 156.5244, 182.8924, 179.2742, 165.9234, -0.592453, -0.7891693, 9.399002, -0.9634715, 0.09446011, 0.2505993, 0.2130091, 0.05205049, -0.9756628, 20.65328, 284.5796, 275.5995, 176.9462, 167.6843, 76.26841, 156.293, 116.8953, -199.3311, -162.8316, -106.0946, 119.075, -5.946152, 11.58989, -89.65502, 156.8854, -117.6845, -208.73, 8.794847
9, 1, 0.06092083, 0.03858916, -0.9973964, 0.01226528, -0.06127211, -0.9980457, 177.7843, 176.5047, 57.64854, 183.5131, 179.2959, 168.6803, 5.728775, -2.791183, 111.0318, 0.976674, 0.1720361, -0.1284976, 0.4665643, 0.7754102, 0.4255077, 126.7569, 97.49516, 80.01012, 61.24415, 47.63512, 31.03532, -65.51273, 49.86005, -48.9748, -51.02745, 79.00957, 22.36158, -122.269, 131.6608, -137.645, -71.24151, -52.65123, -160.0066, 8.018041
10, 4, 0.04704981, 0.01264768, -0.9988126, 0.004726504, -0.05419902, -0.998519, 179.2745, 177.303, 74.95374, 183.1069, 179.7288, 175.0161, 3.832413, -2.425751, 100.0623, -0.9955205, 0.05216612, 0.07885218, 0.4010195, 0.4760376, -0.7826695, 33.48737, 274.5288, 272.9996, 148.6911, 152.8706, 40.11117, 115.2037, 121.6582, -232.8884, -145.7872, -97.22574, 198.0459, -34.41586, 26.85822, -134.9049, 111.3713, -124.084, -332.9507, 7.362459
11, 3, 0.1065052, 0.01675895, -0.9941711, 0.02051956, -0.05423373, -0.9983174, 179.0342, 173.8852, 81.05764, 183.1095, 178.8225, 159.2757, 4.075302, -4.937256, 78.21801, 0.8651339, 0.484897, -0.1281331, 0.4828958, 0.762464, 0.430651, 104.802, 98.42471, 60.7299, 60.5416, 48.27312, 32.34755, -44.26037, 50.15158, -28.38236, -74.23228, 75.46053, -20.32774, -122.5679, 130.5494, -126.9281, -48.33567, -55.08884, -106.6004, 5.708136
12, 5, 0.007697305, -0.02861094, -0.9995611, 0.008828745, -0.05253979, -0.9985798, 181.6396, 179.5588, 164.942, 183.0118, 179.4934, 170.4612, 1.372253, 0.06535339, 5.519135, -0.8059078, -0.5206395, -0.2818642, 0.3547589, -0.8903042, -0.2854901, 241.5697, 250.7228, 237.1364, 252.2207, 128.8252, 158.2742, 10.651, 121.8977, -78.86214, 59.93018, -71.16405, 72.19434, 69.20892, 50.66827, -12.18694, 9.278748, -121.8323, -84.38127, 7.306911
13, 7, 0.1036197, -0.04783994, -0.9934659, 0.01564747, -0.05157353, -0.9985466, 182.7569, 174.0455, 114.7822, 182.9566, 179.1022, 163.1221, 0.199707, -5.056717, 48.33994, 0.9849115, 0.1585379, -0.06939148, 0.9771126, -0.05075734, -0.2065784, 113.6388, 94.03009, 80.85574, 193.8044, 101.9375, 92.97363, 80.16557, -7.90744, 12.11789, -69.11808, 80.01543, -33.92645, 10.84778, 77.1647, -70.14851, 79.96586, 2.850723, -36.22205, 6.330094
14, 3, 0.02505108, 0.08068682, -0.9964246, 0.0119129, -0.05495537, -0.9984177, 175.3705, 178.5598, 17.24816, 183.1505, 179.3164, 167.769, 7.780014, -0.7565613, 150.5208, -0.003746344, -0.07639895, -0.9970703, 0.4002127, 0.4906724, -0.7739964, 184.3816, 180.2153, 182.8073, 147.6275, 152.6577, 39.20211, -36.75417, 27.55756, -143.6052, 9.011139, -1.655457, 165.5592, -35.52304, 26.65866, -128.5669, -44.53418, -28.31412, -294.1261, 7.862813
15, 0, 0.04607559, 0.04455241, -0.997944, 0.01508786, -0.05449865, -0.9983999, 177.4438, 177.3565, 45.96288, 183.1245, 179.1342, 164.5253, 5.680664, -1.77771, 118.5625, 0.9600706, 0.1038419, 0.2597717, 0.9683294, -0.04798026, -0.2450226, 21.78872, 74.8597, 83.82684, 191.0795, 104.1999, 92.83666, 169.2907, -29.34018, 9.009819, -155.6551, 102.4968, 37.86396, 7.955002, 74.93434, -71.68868, 163.6101, 27.56247, -109.5526, 6.441167
16, 1, 0.0466754, 0.0278904, -0.9985209, 0.0110152, -0.05287034, -0.9985406, 178.4001, 177.3237, 59.14001, 183.0309, 179.368, 168.2312, 4.630798, -2.044296, 109.0911, -0.6255831, -0.2983392, -0.7208604, -0.0302322, -0.9080719, 0.4177217, 202.483, 220.9524, 244.5036, 294.7029, 355.8605, 181.9068, 92.21991, -134.9081, -62.5968, 24.08292, -43.62869, 185.3636, 111.672, -176.4925, 13.67567, 87.58911, 132.8638, -171.6879, 7.497105
17, 5, 0.06898041, 0.08768206, -0.9937573, 0.01260821, -0.0543769, -0.9984409, 174.9577, 176.0293, 38.1925, 183.1173, 179.2765, 166.9457, 8.159653, -3.247253, 128.7532, -0.9788403, 0.1503958, 0.138755, -0.9352446, -0.02207231, 0.3533135, 47.30539, 278.0682, 278.735, 356.4252, 290.6954, 268.648, 309.1198, -12.6272, -10.08698, -127.6523, -102.0389, 240.5425, 173.3079, -111.4189, 101.7024, 300.9602, 9.379944, -138.8401, 7.45209
 
LOCOMOTION
18, 4, 0.007441354, 0.1776982, -0.984057, 0.01601934, -0.05773576, -0.9982033, 169.764, 179.5667, 2.397938, 183.3103, 179.0806, 164.4928, 13.5463, 0.4861603, 162.0949, 0.02454873, 0.1900272, -0.981472, -0.1636991, -0.3465413, -0.9236405, 169.0423, 178.5672, 7.361006, 200.5656, 190.0503, 205.2851, 31.52333, -11.48309, 197.9241, -0.7216949, 0.999527, 4.963068, 17.25534, -10.96973, 40.79228, 17.97704, 11.96925, 35.82922, 6.696132
19, 6, 0.05669393, 0.1288943, -0.9900366, 0.02360874, -0.05661927, -0.9981167, 172.5823, 176.7226, 23.74221, 183.2467, 178.645, 157.3652, 10.66438, -1.922455, 133.623, 0.7098047, 0.5147713, 0.48082, 0.4685038, 0.7932125, 0.3889962, 46.95312, 55.88638, 54.04927, 63.87639, 50.29733, 30.56784, 16.92327, 5.589046, -23.48143, -125.6292, 120.8362, 30.30706, -119.3703, 128.3477, -126.7973, 6.258881, -7.511505, -157.1044, 5.319093
20, 8, 0.05821283, 0.05132226, -0.9969842, 0.01539184, -0.05484793, -0.9983761, 177.0532, 176.6584, 48.59959, 183.1445, 179.1168, 164.3244, 6.091339, -2.458389, 115.7248, 0.04128956, 0.149338, -0.9879238, 0.4790823, 0.7593721, 0.4402661, 171.4041, 177.6068, 15.45527, 59.89585, 47.41768, 32.24753, -111.5082, 130.1891, 16.79226, -5.649109, -0.9483948, -33.14432, -123.2486, 131.6991, -132.0769, -117.5995, -132.6475, -98.93257, 5.341365
21, 3, 0.09664821, 0.162502, -0.9819635, 0.02800562, -0.05681691, -0.9979917, 170.6035, 174.3789, 30.74211, 183.2584, 178.3926, 153.7608, 12.65494, -4.013733, 123.0187, -0.04411209, 0.1264883, -0.9909867, 0.5187922, 0.7439423, 0.421194, 172.7262, 182.5488, 340.7741, 60.48299, 50.92775, 34.8902, -112.2432, 131.621, -305.8839, 2.122696, -8.169891, 310.032, -122.7754, 127.4648, -118.8707, -124.8981, -135.6347, -428.9026, 3.776239
22, 7, 0.04059032, 0.04491271, -0.998166, 0.01364738, -0.05270089, -0.9985171, 177.4237, 177.6714, 42.10602, 183.0212, 179.2169, 165.4817, 5.597519, -1.545593, 123.3756, 0.7848871, 0.2284491, -0.5759889, 0.9652004, -0.05924043, -0.2547131, 158.3657, 126.2731, 73.77184, 193.0929, 104.7831, 93.5122, 34.72723, 21.48993, 19.74036, -19.05801, 51.39828, 31.66582, 10.0717, 74.43381, -71.96946, 29.12971, -23.03552, -103.6353, 4.841097
23, 2, 0.100357, 0.05180258, -0.9936022, 0.04835041, -0.05116106, -0.9975193, 177.0155, 174.2325, 62.698, 182.936, 177.225, 136.6179, 5.920502, -2.992508, 73.91986, 0.59553, -0.6469191, -0.476277, 0.3218007, -0.9023448, -0.2867371, 233.6386, 128.6512, 137.3685, 252.3714, 131.7023, 160.3724, 18.73273, -3.051117, 23.00389, 56.62311, 45.58131, 74.67049, 69.43533, 45.52271, 23.75452, 12.81223, 0.05860901, -50.91597, 4.686355
24, 8, 0.05640692, 0.09476113, -0.9939008, 0.06093473, -0.05357978, -0.9967026, 174.5537, 176.7518, 30.76338, 183.0771, 176.5015, 131.3251, 8.523346, 0.2502747, 100.5617, -0.7240736, 0.2619775, 0.6380322, -0.9588614, -0.03724823, 0.2814201, 22.32316, 311.3856, 289.8907, 352.4603, 286.3566, 267.7754, 330.1371, 25.02893, -22.11526, -152.2306, -134.6338, 259.1273, 169.3832, -109.8551, 136.4503, 321.6138, -24.77866, -122.677, 5.76253
25, 1, 0.006950968, 0.09436152, -0.9955138, 0.03512916, -0.05466363, -0.9978867, 174.5853, 179.5999, 4.212979, 183.1355, 177.9838, 147.2735, 8.550186, 1.616135, 143.0605, 0.4122436, 0.5240464, 0.7452722, 0.5294651, 0.7628052, 0.3712075, 35.1134, 28.94896, 38.19053, 64.05083, 54.96574, 34.76462, 28.93744, -26.01678, -3.425911, -139.4719, 150.651, 33.97755, -119.0846, 123.0181, -112.5089, 20.38725, 27.63291, -146.4864, 4.641523
26, 5, 0.06648795, 0.07483795, -0.9949767, 0.02747719, -0.05603592, -0.9980506, 175.6986, 176.177, 41.61871, 183.2135, 178.423, 153.879, 7.514954, -2.246033, 112.2603, 0.6391175, -0.5843694, -0.5000415, 0.3198015, -0.9023334, -0.289001, 229.4466, 128.0394, 132.4379, 252.2407, 132.1038, 160.4849, 22.7941, -4.064346, 28.047, 53.74803, 48.13756, 90.81915, 69.02718, 46.31924, 6.605865, 15.27914, 1.818314, -84.21329, 3.875051
27, 7, 0.05486287, 0.1098167, -0.9924367, 0.03910108, -0.05596105, -0.997667, 173.6857, 176.8359, 26.54605, 183.2105, 177.7556, 145.0573, 9.524765, -0.9197235, 118.5112, 0.4210512, -0.02109321, -0.9067916, 0.2110188, 0.05431342, -0.9759719, 181.3325, 155.0931, 92.86793, 176.8147, 167.7997, 75.56612, -4.517792, -12.70656, -17.3018, 7.646835, 21.74275, 66.32187, -6.395721, 9.955917, -69.49113, -14.04256, 11.78683, -135.813, 4.27503
28, 3, 0.02438655, 0.07147042, -0.9971446, 0.04169783, -0.05526964, -0.9976004, 175.9003, 178.599, 18.84025, 183.1711, 177.6066, 142.9675, 7.270752, 0.9924927, 124.1273, 0.4105949, 0.2442016, -0.8785087, 0.399191, 0.4840028, -0.7787091, 164.4655, 154.9497, 59.25791, 148.1372, 152.8589, 39.51479, -16.32832, 2.090805, -19.74312, -11.43481, 23.64935, 40.41766, -35.03389, 24.74767, -103.4527, -23.59908, -1.098312, -143.8704, 4.175457
29, 0, 0.05831809, 0.06321598, -0.9962945, 0.04093964, -0.05420032, -0.9976905, 176.3694, 176.65, 42.6922, 183.1096, 177.6502, 142.9348, 6.740173, -1.000198, 100.2426, -0.5860991, -0.6809394, 0.4391006, 0.0114554, -0.951365, 0.3078529, 302.8158, 306.8402, 220.7193, 287.9311, 2.131029, 179.3101, -14.88467, 304.7092, -41.40915, 126.4464, -130.1902, 178.0271, 104.8215, 175.5192, 36.37532, -21.62485, -305.7094, -141.6518, 4.619292
30, 7, -0.002326861, 0.1343628, -0.9909295, 0.03616332, -0.05664986, -0.9977389, 172.2782, 180.1345, 359.0079, 183.2497, 177.9242, 147.4473, 10.97147, 2.210327, -211.5606, -0.9608649, 0.2654555, -0.07919659, -0.9281914, -0.0364741, 0.3703113, 106.6121, 265.2882, 285.4437, 354.3748, 291.75, 267.7497, 247.7627, -26.46182, -17.69406, -65.66613, -85.15367, -73.56415, 171.1251, -113.8258, 120.3024, 236.7912, 28.67215, 193.8666, 4.152455
31, 5, 0.01227434, 0.05596098, -0.9983575, 0.042581, -0.0519002, -0.9977441, 176.7918, 179.2956, 12.37121, 182.9777, 177.5563, 140.6332, 6.185928, 1.739349, 128.262, -0.4218822, 0.4086945, -0.809311, -0.228334, 0.7518119, -0.6185811, 153.2066, 207.5324, 314.0903, 129.4471, 200.2604, 343.1059, -23.75954, 7.272018, 29.01553, -23.58511, -28.23679, 301.7191, -53.53058, -22.70412, 202.4727, -29.94547, -5.532669, -99.24643, 4.020308
32, 4, 0.04175167, 0.06437903, -0.9970519, 0.036994, -0.05289867, -0.9979144, 176.3056, 177.6021, 32.96458, 183.0344, 177.8769, 145.0335, 6.72879, -0.2748108, 112.0689, 0.9210281, 0.1731351, 0.3489003, 0.9657179, -0.05360649, -0.2539988, 26.39202, 69.2525, 79.35377, 191.9174, 104.7359, 93.17719, 165.5254, -35.48344, 13.82343, -149.9135, 108.3496, 46.38919, 8.883026, 73.141, -51.85629, 158.7966, 35.20863, -98.24547, 4.285379
33, 2, 0.09957375, 0.07311746, -0.9923401, 0.02984952, -0.05503467, -0.9980382, 175.786, 174.27, 53.70999, 183.1563, 178.2869, 151.5256, 7.370285, -4.016907, 97.81564, -0.633226, 0.1754546, -0.7538171, -0.144893, -0.3445213, -0.9275295, 166.8974, 220.0311, 285.487, 200.377, 188.8786, 202.8098, 33.47955, 31.1525, -82.67717, -8.888535, -45.76114, 231.777, 17.22073, -10.59174, 51.28419, 26.10927, -35.1694, -180.4928, 3.664492
34, 6, 0.03400321, 0.0981222, -0.9945934, 0.03516624, -0.05514735, -0.9978588, 174.3657, 178.0419, 19.11322, 183.1633, 177.9816, 147.4753, 8.797577, 0.06030273, 128.362, -0.4431056, -0.7128593, 0.5435892, -0.003560113, -0.9608395, 0.2770824, 307.3272, 320.8149, 211.8646, 286.0862, 359.2639, 180.2123, -21.241, -38.44901, -31.65233, 132.9615, -142.7729, 192.7514, 102.923, -181.2823, 32.73705, -30.03857, 38.50931, -160.0144, 4.608324
35, 0, 0.04032247, 0.09801528, -0.9943678, 0.04155053, -0.05746434, -0.9974825, 174.3705, 177.6779, 22.36176, 183.2971, 177.6147, 144.1306, 8.92662, 0.06318665, 121.7688, 0.5887581, 0.2111702, -0.7802379, 0.399028, 0.4802548, -0.7811095, 164.8558, 142.9622, 70.26859, 148.4153, 152.9399, 39.72208, -16.44054, -9.977661, -30.5465, -9.514709, 34.71565, 47.90683, -34.88187, 24.6748, -104.4085, -25.36716, 10.04085, -152.3153, 4.909378
 
IMAGINATION
18, 8, 0.07128241, 0.1766188, -0.9816949, 0.04080835, -0.05594128, -0.9975997, 169.8009, 175.847, 21.97874, 183.2095, 177.6575, 143.8898, 13.40865, -1.810577, 121.9111, -0.9823513, 0.1863952, -0.01557968, -0.9362696, -0.02633718, 0.3502935, 94.77792, 269.0914, 280.7438, 355.7003, 290.5127, 268.3887, 260.9223, -21.4213, -12.3551, -75.02299, -93.24445, 258.7651, 172.4907, -112.8552, 124.4989, 247.5137, 19.61072, -134.2662, 8.273932
19, 0, 0.02966397, 0.1107005, -0.9934112, 0.03312769, -0.0549472, -0.9979395, 173.6415, 178.2896, 15.0009, 183.1516, 178.0987, 148.9142, 9.510071, 0.190918, 133.9133, -0.5902167, -0.6554257, 0.471234, 0.006270946, -0.944984, 0.3270564, 305.7151, 308.6042, 222.0033, 289.0906, 1.098449, 179.6198, -16.62454, 307.5057, -42.38353, 132.0737, -130.3145, 207.0024, 105.939, 177.0002, 30.7056, -26.13461, -307.3148, -176.2968, 6.096116
20, 4, 0.005700432, 0.0309504, -0.9995048, 0.04640011, -0.05117119, -0.9976114, 178.2264, 179.6732, 10.43576, 182.9363, 177.337, 137.7995, 4.709961, 2.336212, 127.3637, 0.9791373, 0.09860449, 0.1776723, -0.9453481, -0.01382947, 0.3257697, 29.02938, 79.71513, 84.24939, 357.5692, 289.0141, 269.1619, 328.5398, -209.299, 184.9125, -149.197, 99.9581, 73.81363, 174.6328, -111.6771, 131.3624, 323.8298, 211.6352, 57.54878, 6.441147
21, 2, 0.0529606, 0.1095535, -0.9925691, 0.03324746, -0.05488079, -0.9979392, 173.7016, 176.9458, 25.80015, 183.1478, 178.0918, 148.792, 9.446198, -1.146057, 122.9918, -0.5136449, -0.3247725, -0.7941614, -0.005483939, -0.9080324, 0.4188642, 202.2421, 212.8938, 237.6953, 294.7633, 359.2499, 180.346, 92.52118, -146.3561, -57.34923, 28.54057, -35.94806, 211.8951, 111.6156, -181.1581, 31.55403, 83.07498, 145.21, -180.3411, 5.719523
22, 1, 0.04971318, 0.0697109, -0.9963278, 0.04310877, -0.05383141, -0.997619, 175.9977, 177.1435, 35.49394, 183.0887, 177.5257, 141.3119, 7.091003, -0.3821869, 105.8179, 0.6813986, -0.6169062, -0.3938563, 0.3254853, -0.9024935, -0.2820723, 237.4443, 120.0284, 132.1562, 252.6435, 130.9129, 160.1681, 15.19917, -10.88447, 28.0119, 61.44664, 57.11509, 96.66226, 69.55481, 46.61281, 18.85623, 8.10817, 10.50228, -77.80603, 5.329878
23, 2, -0.06674736, 0.09992405, -0.9927538, 0.03724475, -0.05454325, -0.9978165, 174.2523, 183.8465, 326.2578, 183.1288, 177.8624, 145.6729, 8.876465, 5.9841, -180.585, 0.9776139, 0.1475188, -0.1500309, -0.1737017, -0.3390301, -0.9246007, 135.4837, 98.72491, 81.41899, 200.1368, 190.64, 207.1283, 64.65312, -91.91505, 125.7093, -38.76863, 85.12156, -244.8389, 17.00803, -12.77759, 61.45544, 55.77666, 97.89915, 306.2943, 6.296545
24, 6, 0.06828748, 0.1116538, -0.9913983, 0.03266716, -0.05535117, -0.9979324, 173.5743, 176.0597, 31.44997, 183.1747, 178.1251, 149.4517, 9.600418, -2.065414, 118.0018, 0.5916452, 0.4861946, 0.6430947, 0.509042, 0.7713948, 0.381872, 37.09014, 42.61396, 50.58776, 63.6627, 53.12358, 33.42075, 26.57257, -10.50962, -17.16701, -136.4842, 133.4457, 19.13779, -119.512, 125.0015, -116.031, 16.97215, 8.444199, -135.1688, 5.242085
25, 4, 0.08916923, 0.1332281, -0.987066, 0.03172156, -0.05601222, -0.9979261, 172.313, 174.838, 33.79429, 183.2126, 178.1793, 150.4757, 10.89954, -3.341278, 116.6814, 0.1309674, 0.07941554, -0.9882008, 0.9839719, -0.04249737, -0.1731859, 175.4054, 172.4505, 58.76837, 193.7872, 99.98222, 92.47305, 18.38179, 72.4683, 33.70468, 3.092346, 2.387527, 24.97408, 10.5746, 78.19711, -58.00265, 7.482254, -75.80958, -82.97672, 7.151798
26, 6, 0.008555151, 0.1339639, -0.9909495, 0.03585345, -0.05621443, -0.9977748, 172.301, 179.5054, 3.654038, 183.2246, 177.9421, 147.4703, 10.92361, 1.563309, 143.8163, -0.3785908, 0.5475439, -0.7462339, -0.1511582, -0.3481412, -0.9251751, 143.7309, 206.9003, 325.3387, 200.6212, 189.2792, 203.4698, 56.89029, 17.62109, -121.8689, -28.5701, -27.39491, 321.6846, 17.39658, -11.33713, 55.9995, 45.96667, -16.05779, -265.6851, 6.185464
27, 5, 0.04070567, -0.04306436, -0.9982427, 0.03307699, -0.0484432, -0.9982781, 182.4702, 177.6649, 136.6128, 182.7782, 178.1022, 145.6748, 0.3079834, -0.4373169, 9.061935, -0.7767336, 0.5711172, -0.2655377, -0.2328098, 0.7535554, -0.6147795, 114.9358, 251.1263, 306.3263, 129.2089, 200.7411, 342.8315, 14.27309, 50.38516, 36.50522, -67.53442, -73.46132, 169.7135, -53.56931, -22.63884, 197.1568, 13.96511, -50.82248, 27.44328, 5.14114
28, 0, -0.005507171, 0.03382149, -0.9994128, 0.03178833, -0.05237764, -0.9981213, 178.0618, 180.3157, 350.7516, 183.0039, 178.1759, 148.7462, 4.942123, 2.139847, -202.0055, 0.8060272, 0.4119574, -0.4249839, 0.3872326, 0.4791436, -0.7877007, 135.8917, 117.8008, 62.9286, 148.6886, 153.8213, 38.94432, 12.79692, -36.02054, -23.98428, -42.17007, 62.51492, -287.8231, -34.31528, 24.35454, -109.8018, 7.854797, 38.16039, 178.0212, 5.607214
29, 6, 0.02111566, 0.01049075, -0.9997221, 0.03364857, -0.05162352, -0.9980996, 179.3988, 178.79, 63.58076, 182.9608, 178.0691, 146.9034, 3.562012, 0.720871, 83.32267, 0.006915535, 0.5471992, -0.836974, 0.4032318, 0.4748409, -0.7822598, 146.824, 179.5266, 0.7240688, 148.7418, 152.7302, 40.3377, 1.917725, 26.79639, 39.61363, -32.57475, -0.7366028, -62.85669, -34.21904, 25.33891, -106.5657, -1.644287, -26.07552, -43.70905, 6.163823
30, 8, 0.06839769, -0.1168796, -0.9907881, 0.03126485, -0.04655382, -0.9984264, 186.7279, 176.0509, 149.6639, 182.6696, 178.2064, 146.1153, -4.058273, -2.155487, -3.548615, 0.7946279, 0.5932235, 0.1290452, 0.5099286, 0.7464851, 0.4274724, 77.72752, 80.77586, 53.2571, 60.20253, 50.02695, 34.33723, -17.52499, 30.74892, -18.91987, -109.0004, 95.27507, -96.40681, -122.4671, 128.1795, -111.7781, -13.46671, -32.9044, -15.37125, 6.307387
31, 4, 0.02342488, 0.08351136, -0.9962316, 0.03626786, -0.05388499, -0.9978883, 175.2083, 178.653, 15.66877, 183.0909, 177.9185, 146.0571, 7.882645, 0.7345123, 130.3883, -0.4009246, 0.2177929, 0.8898459, -0.1479883, -0.3355766, -0.9303159, 13.75298, 335.7458, 298.512, 199.835, 189.0385, 203.7973, 186.082, 146.7073, -94.71466, -161.4553, -157.0928, 282.8432, 16.74409, -11.11998, 57.74026, 178.1994, -145.9728, -225.103, 6.874156
32, 3, -0.01545201, 0.05182147, -0.998537, 0.03650554, -0.05368508, -0.9978904, 177.0292, 180.8866, 343.3966, 183.0795, 177.9049, 145.7845, 6.050308, 2.981659, -197.6121, 0.01813477, -0.4332533, -0.9010897, 0.2226015, 0.06626487, -0.9726549, 205.6787, 178.8471, 177.6032, 176.1026, 167.1093, 73.42258, -29.57614, 11.73775, -104.1806, 28.64957, 2.039505, -165.7934, -6.976883, 10.79559, -72.36195, -35.62645, -8.756088, 93.4315, 6.274602
33, 8, 0.05116317, -0.01762782, -0.9985347, 0.03878026, -0.05114877, -0.9979378, 181.0114, 177.0668, 109.0109, 182.9341, 177.7746, 142.8311, 1.922714, -0.7077484, 33.82018, -0.8723028, 0.1003537, -0.4785574, -0.1382742, -0.3404233, -0.9300496, 168.1567, 241.2502, 276.5627, 200.104, 188.4565, 202.1062, 31.94733, 52.79376, -74.45656, -12.85472, -64.18338, 167.5518, 17.16989, -10.68187, 59.27504, 30.02461, -53.50151, -108.2767, 6.462926
34, 7, 0.0280163, 0.1051027, -0.9940668, 0.03775554, -0.05378958, -0.9978383, 173.9645, 178.3856, 14.92577, 183.0856, 177.8331, 144.9345, 9.121063, 0.5525208, 130.0088, -0.5077541, 0.113556, 0.8539852, -0.9451448, -0.0128966, 0.3263972, 7.574294, 329.2655, 282.6064, 357.7373, 289.0519, 269.2182, 350.163, 40.21365, -13.38815, -166.3902, -150.8799, 267.6806, 174.6517, -111.2188, 124.2837, 341.0419, -39.66113, -143.3969, 7.074031
35, 6, 0.02117864, 0.04824115, -0.9986112, 0.04089139, -0.0541059, -0.9976975, 177.2343, 178.785, 23.70225, 183.1042, 177.653, 142.9193, 5.869858, 1.13205, 119.217, -0.03606769, -0.4383778, 0.8980669, -0.06373656, -0.9483046, 0.3108957, 333.9814, 357.7002, 184.7034, 288.1514, 348.4144, 183.8451, -45.82999, 9.285797, -0.8583221, 156.7471, -178.9151, 161.0012, 105.0472, -170.7614, 40.92586, -51.69984, -8.153748, -120.0753, 7.3295
