SubjectID, Experiment, Height, Gender, Age, RandomOrderId, TrialArray
03LK, full, 63", female, 14, 2, [2,0,3,4,1,5,7,8,6,1,5,8,6,3,4,7,2,0,8,5,6,0,4,2,3,7,1]
Trial, ObjectId, RealStartVectorX, RealStartVectorY, RealStartVectorZ, PerfectStartVectorX, PerfectStartVectorY, PerfectStartVectorZ, RealStartAngleX, RealStartAngleY, RealStartAngleZ, PerfectStartAngleX, PerfectStartAngleY, PerfectStartAngleZ, StartErrorX, StartErrorY, StartErrorZ, RealEndVectorX, RealEndVectorY, RealEndVectorZ, PerfectEndVectorX, PerfectEndVectorY, PerfectEndVectorZ, RealEndAngleX, RealEndAngleY, RealEndAngleZ, PerfectEndAngleX, PerfectEndAngleY, PerfectEndAngle, EndErrorX, EndErrorY, EndErrorZ, RealChangeX, RealChangeY, RealChangeZ, PerfectChangeX, PerfectChangeY, PerfectChangeZ, ChangeErrorX, ChangeErrorY, ChangeErrorZ, ElapsedTime
0, 2, -0.0002406956, 0.09617493, -0.9953647, -0.03495918, -0.1095439, -0.993367, 174.481, 180.0139, 359.8566, 186.2929, 182.0155, 197.6996, 11.81183, -2.001694, -162.157, -0.9707116, 0.07845689, 0.2270759, -0.7327279, -0.05214267, 0.6785212, 19.06052, 283.1663, 274.6208, 355.6056, 312.8003, 265.9296, 336.5451, -29.63403, -8.691284, -155.4205, -103.1524, -85.23575, 169.3127, -130.7848, 68.22992, 324.7332, 27.63234, 153.4657, 4.941362
1, 0, 0.046542, 0.2265135, -0.9728954, -0.00329346, -0.1197279, -0.9928013, 166.8936, 177.2611, 11.61103, 186.8764, 180.1901, 181.5757, 19.98279, -2.928925, 169.9647, -0.3477635, 0.05033553, -0.9362302, -0.1854388, -0.3928441, -0.9007142, 176.9225, 200.3775, 278.2358, 203.5643, 191.6335, 205.2693, 26.64178, 8.744064, -72.96657, 10.02887, -23.11641, 266.6248, 16.68787, -11.44342, 23.69359, 6.658997, -11.67299, -242.9312, 4.652119
2, 3, -0.00374024, 0.08658779, -0.9962372, -0.01594933, -0.1114802, -0.9936386, 175.0326, 180.2151, 357.5266, 186.4015, 180.9196, 188.142, 11.36884, -0.7044983, -169.3846, -0.7195886, -0.5922116, 0.3625985, -0.05685655, -0.8353822, 0.546721, 301.4782, 296.7434, 230.5461, 303.203, 354.0628, 183.8936, 1.724731, -57.31943, -46.65251, 126.4456, -116.5283, -126.9805, 116.8015, -173.1432, -4.248398, -9.644104, 56.61493, 122.7321, 3.996639
3, 4, -0.01340033, 0.08232438, -0.9965156, 0.004064254, -0.1155564, -0.9932926, 175.2774, 180.7704, 350.7548, 186.6358, 179.7656, 177.9857, 11.35838, 1.004868, -172.7691, 0.837211, 0.5376257, 0.100182, 0.4277028, 0.6512292, 0.6268739, 79.44449, 83.17635, 57.29294, 46.09169, 34.30489, 33.2954, -33.3528, 48.87145, -23.99754, -95.8329, 97.59409, -293.4618, -140.5441, 145.4607, -144.6903, -44.71118, -47.86658, 148.7715, 3.920209
4, 1, -0.04993781, 0.1135321, -0.9922786, 0.0001888595, -0.1157107, -0.9932829, 173.4729, 182.8811, 336.2574, 186.6446, 179.9891, 179.9065, 13.17177, 2.891953, -156.3509, -0.1948149, 0.6289275, -0.7526603, -0.2963884, 0.8111044, -0.5042455, 140.1177, 194.5117, 342.7892, 121.8683, 210.4464, 339.927, -18.24938, -15.93474, -2.862213, -33.35518, -11.63062, 6.53183, -64.77633, -30.45731, 160.0205, -31.42115, 18.82669, 153.4887, 3.776314
5, 5, -0.07398774, -0.08606221, -0.9935388, -0.01964984, -0.1044707, -0.9943339, 184.9507, 184.2589, 220.6857, 185.9978, 181.1321, 190.6523, 1.047134, 3.12677, -30.0334, 0.733234, 0.2414831, -0.6356525, 0.9897985, -0.09657227, 0.1047509, 159.1983, 130.9226, 71.77124, 317.3263, 83.95885, 95.57258, 158.128, 46.96371, 23.80134, -25.75238, 53.33633, -148.9144, 131.3285, 97.17328, -95.07969, 157.0809, -43.83694, 53.83474, 4.140003
6, 7, -0.09732789, 0.02029433, -0.9950455, -0.02324717, -0.1065725, -0.9940332, 178.8316, 185.5865, 281.7783, 186.1194, 181.3397, 192.3054, 7.287842, 4.246765, -89.47282, 0.2700158, 0.3224059, -0.9072741, 0.4181895, 0.5247198, -0.741476, 160.437, 163.4264, 39.94627, 144.7141, 150.5772, 38.55403, -15.72287, 12.84918, -1.392239, -18.39459, 22.16011, -241.832, -41.4053, 30.76253, -153.7514, -23.01071, -8.602417, 88.08058, 4.010338
7, 8, -0.0925858, -0.0008818128, -0.9957044, -0.01461691, -0.1055471, -0.9943069, 180.0507, 185.3124, 269.4543, 186.0593, 180.8422, 187.8846, 6.008591, 4.470154, -81.56975, 0.05578085, 0.2714792, -0.9608266, 0.2186719, 0.04090006, -0.9749409, 164.2225, 176.6774, 11.61097, 177.5978, 167.3582, 79.40589, 13.37529, 9.319199, 67.79492, -15.82825, 8.634964, -257.8434, -8.461548, 13.48401, -108.4787, 7.366699, -4.849045, 149.3647, 4.099838
8, 6, -0.1244908, 0.09489524, -0.9876726, -0.008349645, -0.1112156, -0.9937612, 174.5119, 187.1839, 307.3171, 186.3856, 180.4814, 184.2935, 11.87372, 6.702545, -123.0236, 0.2936194, -0.464514, -0.8354728, 0.3132565, -0.9354908, -0.163485, 209.0736, 160.6364, 147.703, 260.0872, 117.5595, 161.4865, 51.0136, 43.07688, 13.78345, 34.56169, 26.5475, -159.6141, 73.70157, 62.92184, -22.80702, 39.13988, -36.37434, 136.807, 4.708831
9, 1, 0.03853031, 0.06496421, -0.9971435, -0.02379318, -0.1097674, -0.9936725, 176.2724, 177.7872, 30.6722, 186.3037, 181.3717, 192.2302, 10.03127, -3.584503, 161.558, -0.4120352, 0.4564852, -0.7885736, -0.2870674, 0.8126473, -0.5071456, 149.9346, 207.5874, 317.9298, 121.9669, 209.5118, 340.5443, -27.96766, -1.924454, 22.61447, -26.33788, -29.80022, 287.2576, -64.3368, -28.14017, 148.314, -37.99892, -1.660049, -138.9435, 3.663663
10, 5, -0.04373927, -0.02402461, -0.998754, -0.006958613, -0.1058474, -0.9943581, 181.378, 182.5076, 241.2214, 186.0761, 180.401, 183.7613, 4.698181, 2.106644, -57.46005, 0.7388165, 0.183576, -0.6484212, 0.9894826, -0.09186108, 0.1117401, 164.1925, 131.2718, 76.04613, 320.5765, 83.55701, 95.30399, 156.384, 47.71474, 19.25787, -17.18542, 51.23584, -165.1752, 134.5004, 96.84394, -88.45733, 151.6858, -45.6081, 76.71792, 3.963208
11, 8, -0.1092466, -0.06902168, -0.9916155, -0.01516473, -0.1012686, -0.9947435, 183.9817, 186.2869, 237.7154, 185.8129, 180.8734, 188.5166, 1.831238, 5.413544, -49.19881, 0.07399333, 0.2765128, -0.9581577, 0.2148283, 0.0405771, -0.9758085, 163.9025, 175.5841, 14.98104, 177.6188, 167.5842, 79.3039, 13.71634, 7.999969, 64.32286, -20.07916, 10.70282, -222.7344, -8.194061, 13.28925, -109.2127, 11.8851, -2.586426, 113.5217, 3.909863
12, 6, -0.02128493, 0.1239737, -0.9920574, -0.03106346, -0.1103736, -0.9934046, 172.8769, 181.2291, 350.2579, 186.3399, 181.791, 195.7187, 13.46303, -0.5619202, -154.5393, 0.3183326, -0.4966169, -0.8074875, 0.3133577, -0.9350007, -0.1660745, 211.5921, 158.4843, 147.34, 259.9282, 117.9229, 161.4718, 48.33603, 40.56149, 14.13181, 38.71524, 22.74477, -202.9179, 73.58824, 63.86817, -34.24683, 34.873, -41.12341, 168.6711, 4.186547
13, 3, -0.05122532, 0.01707612, -0.9985412, -0.03262474, -0.110339, -0.9933584, 179.0203, 182.9367, 288.436, 186.3382, 181.8811, 196.4717, 7.317963, 1.055618, -91.96423, -0.6191793, -0.6545113, 0.433857, -0.04517229, -0.8384026, 0.5431763, 303.5393, 305.0188, 223.411, 302.938, 355.246, 183.0841, -0.6012573, -50.22723, -40.32697, 124.519, -122.0821, -65.02495, 116.5998, -173.3649, -13.38768, -7.91922, 51.28285, 51.63727, 3.909492
14, 4, 0.02838352, 0.02078089, -0.9993812, -0.002577343, -0.1144376, -0.9934271, 178.8088, 178.3732, 53.79041, 186.5712, 180.1487, 181.2902, 7.762436, -1.775467, 127.4998, 0.7957479, 0.5425335, 0.2691518, 0.4084394, 0.6481876, 0.6426741, 63.61391, 71.31254, 55.7142, 45.24472, 32.43723, 32.21606, -18.36919, 38.87531, -23.49813, -115.1949, 107.0606, 1.923786, -141.3265, 147.7114, -149.0741, -26.13162, -40.65078, -150.9979, 3.819489
15, 7, -0.0122833, 0.05421893, -0.9984537, -0.007026093, -0.1078523, -0.9941421, 176.8917, 180.7048, 347.2351, 186.1917, 180.4049, 183.7273, 9.299957, 0.2999115, -163.5078, 0.43771, 0.3669536, -0.820826, 0.4198214, 0.5261953, -0.7395056, 155.9128, 151.931, 50.02526, 144.5662, 150.4162, 38.58438, -11.34653, 1.514801, -11.44088, -20.97896, 28.77385, -297.2098, -41.62544, 29.98874, -145.1429, -20.64648, -1.21489, 152.0669, 3.441668
16, 2, 0.01297589, 0.1012027, -0.9947814, -0.01927541, -0.1097518, -0.9937721, 174.1911, 179.2527, 7.306421, 186.3022, 181.1112, 189.9611, 12.1111, -1.858505, 182.6547, -0.9484962, 0.1462302, 0.2810192, -0.7559817, -0.06196374, 0.6516535, 27.49052, 286.5034, 278.7643, 354.5682, 310.7612, 265.3142, 327.0777, -24.25781, -13.45007, -146.7006, -107.2507, 271.4579, 168.2661, -129.6501, 75.35312, 314.9666, 22.39931, -196.1048, 3.884922
17, 0, 0.01804413, 0.07243943, -0.9972098, -0.01340085, -0.1151612, -0.9932564, 175.8452, 178.9634, 13.9873, 186.6135, 180.773, 186.6374, 10.7683, -1.809601, 172.6501, -0.3903176, 0.04115722, -0.9197599, -0.1802565, -0.3875726, -0.9040438, 177.4379, 202.9949, 276.0193, 203.2053, 191.2763, 204.9427, 25.76744, 11.7186, -71.07664, 1.592636, -24.03148, 262.032, 16.59178, -10.50328, 18.30527, 14.99915, -13.5282, -243.7268, 4.443584
18, 8, 0.001494071, 0.07417208, -0.9972444, -0.02383018, -0.1127156, -0.9933415, 175.7463, 179.9142, 1.15397, 186.4737, 181.3743, 191.9376, 10.72739, -1.460083, 190.7836, 0.2431053, 0.3317212, -0.911516, 0.2117196, 0.03843863, -0.9765742, 160.0024, 165.0666, 36.23621, 177.746, 167.7677, 79.70979, 17.74355, -2.701111, 43.47358, -15.74393, 14.84761, 35.08224, -8.727768, 13.60658, -112.2278, 7.016159, 1.241028, -147.3101, 3.128985
19, 5, 0.04976454, 0.06664455, -0.996535, -0.02098521, -0.110123, -0.9936963, 176.174, 177.1412, 36.74928, 186.3238, 181.2098, 190.789, 10.14984, -4.068649, 154.0397, 0.8252705, 0.2497597, -0.5065064, 0.9911275, -0.09761877, 0.09020396, 153.752, 121.5394, 73.1621, 312.7393, 84.79976, 95.62508, 158.9873, 36.73959, 22.46297, -22.422, 55.60181, 36.41282, 126.4155, 96.41005, -95.16394, 148.8374, -40.80824, -131.5768, 4.152694
20, 6, 0.06783008, 0.1085874, -0.9917701, -0.03397894, -0.1114035, -0.9931942, 173.7516, 176.0875, 31.99132, 186.3999, 181.9594, 196.9621, 12.64828, -5.871964, 164.9708, 0.3766933, -0.4750321, -0.7952651, 0.3171499, -0.9348317, -0.1597054, 210.851, 154.6545, 141.5861, 260.3053, 116.7282, 161.26, 49.45432, 37.92628, 19.67393, 37.0993, 21.43298, 109.5948, 73.90533, 65.23123, -35.70207, 36.80603, -43.79825, -145.2969, 3.911807
21, 0, 0.0325792, 0.08011333, -0.9962534, -0.02670918, -0.1132373, -0.9932089, 175.4025, 178.127, 22.1298, 186.5043, 181.5404, 193.2717, 11.10182, -3.413422, 171.1419, -0.3384123, 0.02753247, -0.9405951, -0.1874136, -0.3860206, -0.9032521, 178.3234, 199.788, 274.6512, 203.1403, 191.7218, 205.8966, 24.81693, 8.066132, -68.75458, 2.920883, -21.66098, 252.5214, 16.63599, -10.18143, 12.62491, 13.7151, -11.47955, -239.8965, 3.921793
22, 4, 0.04423323, 0.06115094, -0.997148, -0.02733603, -0.1106861, -0.9934794, 176.4907, 177.46, 35.87991, 186.3572, 181.5761, 193.8727, 9.866562, -4.116074, 157.9928, 0.8936341, 0.44041, 0.08635456, 0.4073963, 0.6619256, 0.6291922, 78.90632, 84.48048, 63.76452, 46.45229, 32.9227, 31.61111, -32.45403, 51.55778, -32.15341, -97.58436, 92.97956, 27.88461, -139.9049, 148.6534, -162.2616, -42.32058, -55.67385, -190.1462, 3.631451
23, 2, 0.03203132, 0.1609454, -0.9864435, -0.01905339, -0.1188075, -0.9927345, 170.7334, 178.1402, 11.25592, 186.8245, 181.0995, 189.1111, 16.09109, -2.959366, 177.8551, -0.9202917, 0.1693993, 0.3526572, -0.7367258, -0.0633439, 0.6732181, 25.65736, 290.9669, 280.4297, 354.6248, 312.421, 265.0858, 328.9674, -21.45407, -15.34396, -145.0761, -112.8268, 269.1738, 167.8003, -131.3215, 75.97473, 312.8763, 18.49471, -193.1991, 3.788631
24, 3, 3.021915E-05, 0.1493816, -0.9887798, -0.008341347, -0.1180055, -0.9929779, 171.4089, 179.9982, 0.01159065, 186.7773, 180.4813, 184.0433, 15.36833, -0.4830475, 184.0317, -0.7473431, -0.4614915, 0.4780208, -0.02035601, -0.8373987, 0.5462134, 316.0079, 302.6041, 238.3043, 303.1154, 357.8657, 181.3925, -12.89258, -55.26166, -56.91177, 144.599, -122.6058, 238.2927, 116.3381, -177.3844, -2.650787, -28.26091, 54.77861, -240.9435, 3.543317
25, 7, 0.05229538, 0.1468984, -0.9877684, 0.01488629, -0.1139425, -0.9933758, 171.5411, 176.9694, 19.59557, 186.5434, 179.1414, 172.5566, 15.00224, -2.172028, 152.961, 0.2886914, 0.4917505, -0.8214858, 0.4256173, 0.527663, -0.7351338, 149.0948, 160.6372, 30.41586, 144.33, 149.9306, 38.88994, -4.76474, 10.70657, 8.474073, -22.44633, 16.33221, 10.8203, -42.21332, 29.21082, -133.6667, -19.76698, -12.8786, -144.487, 3.397357
26, 1, 0.02792514, 0.2546228, -0.9666373, -0.0289608, -0.1188775, -0.9924865, 165.2429, 178.3452, 6.258762, 186.8302, 181.6714, 193.6916, 21.58733, -3.326172, 187.4329, -0.3723083, 0.6508101, -0.6616894, -0.2979802, 0.8174602, -0.4929164, 135.4749, 209.3649, 330.2275, 121.0893, 211.154, 339.9722, -14.38557, -1.789139, 9.744751, -29.76796, -31.01962, 323.9687, -65.74085, -29.48259, 146.2806, -35.97289, -1.537033, -177.6881, 4.130112
