SubjectID, Experiment, Height, Gender, Age, RandomOrderId, TrialArray
03LB, flat, 74", male, 25, 3, [3,5,4,0,2,6,1,8,7,3,0,4,8,6,1,7,5,2,8,1,2,0,5,3,6,7,4]
Trial, ObjectId, RealStartVectorX, RealStartVectorY, RealStartVectorZ, PerfectStartVectorX, PerfectStartVectorY, PerfectStartVectorZ, RealStartAngleX, RealStartAngleY, RealStartAngleZ, PerfectStartAngleX, PerfectStartAngleY, PerfectStartAngleZ, StartErrorX, StartErrorY, StartErrorZ, RealEndVectorX, RealEndVectorY, RealEndVectorZ, PerfectEndVectorX, PerfectEndVectorY, PerfectEndVectorZ, RealEndAngleX, RealEndAngleY, RealEndAngleZ, PerfectEndAngleX, PerfectEndAngleY, PerfectEndAngle, EndErrorX, EndErrorY, EndErrorZ, RealChangeX, RealChangeY, RealChangeZ, PerfectChangeX, PerfectChangeY, PerfectChangeZ, ChangeErrorX, ChangeErrorY, ChangeErrorZ, ElapsedTime
0, 3, -0.002127149, -0.06818732, -0.9976704, -0.00219312, -0.2428904, -0.9700512, 183.9099, 180.1222, 181.7868, 194.0572, 180.1295, 180.5173, 10.14735, -0.007369995, -1.269485, 0.9713464, -0.0781924, 0.2244375, 0.9167617, -0.2725711, -0.291981, 340.792, 76.98967, 94.60233, 223.0309, 107.6662, 106.5582, -117.7611, -30.67657, 11.95592, 156.8821, 103.1325, -87.18448, 28.97365, 72.46329, -73.95908, -127.9085, 30.6692, 13.2254, 5.108741
1, 5, -0.04841014, -0.07263899, -0.9961829, -0.01717564, -0.2422333, -0.970066, 184.1705, 182.7821, 213.6814, 194.0205, 181.0143, 184.0558, 9.850021, 1.767792, -29.62563, 0.09698229, -0.3898231, 0.9157687, -0.2806986, -0.7837619, 0.5540085, 336.9416, 6.045239, 166.0293, 305.2549, 333.1301, 199.7046, -31.68671, -327.0849, 33.67532, 152.7711, 176.7369, -47.65213, 111.2344, -152.1158, 15.64882, -41.53673, 328.8527, 63.30095, 3.887498
2, 4, -0.002362086, -0.04242478, -0.9990971, -0.03394813, -0.2390166, -0.9704219, 182.4315, 180.1355, 183.1868, 193.8366, 182.0035, 188.0838, 11.40514, -1.868073, 4.897034, 0.9074214, 0.1230239, -0.4018109, 0.7683274, 0.06577298, -0.6366686, 162.9768, 113.884, 82.27918, 174.1018, 129.6466, 85.1071, 11.12502, -15.76256, 2.827919, -19.45471, 66.25145, -100.9076, -19.73483, 52.35696, -102.9767, -0.2801208, 13.89449, -2.069115, 4.252694
3, 0, 0.00124547, 0.03889127, -0.9992427, -0.003862494, -0.2408156, -0.9705632, 177.7711, 179.9286, 1.834237, 193.9348, 180.228, 180.9189, 16.16365, -0.2994232, 179.0847, -0.4988244, -0.3549187, -0.7907003, -0.1333099, -0.2094659, -0.9686859, 204.1737, 212.2464, 234.5677, 192.2016, 187.8358, 212.4738, -11.97209, 24.41058, -22.09395, 26.40257, -32.31776, 232.7335, -1.73317, -7.607758, 31.5549, -28.13574, -24.71001, -201.1786, 3.87526
4, 2, 0.03198329, 0.1472418, -0.9885835, -0.004594786, -0.2464403, -0.9691471, 171.5285, 178.147, 12.25519, 194.2671, 180.2716, 181.0681, 22.7386, -2.124664, 168.813, -0.9020205, -0.03106828, 0.430574, -0.8968473, -0.2586096, 0.3588676, 355.873, 295.5172, 268.0273, 324.2225, 291.8085, 253.9149, -31.65048, 3.70871, -14.11249, 184.3444, -117.3702, 255.7722, 129.9554, -111.5369, 72.84671, -54.38908, -5.833374, -182.9254, 4.009113
5, 6, 0.01009594, -0.02508656, -0.9996343, -0.01663695, -0.2426401, -0.9699737, 181.4376, 179.4214, 158.078, 194.0444, 180.9826, 183.9224, 12.60681, -1.561279, 25.84445, 0.971371, 0.04104482, -0.2339952, 0.7089144, -0.5004939, 0.4969369, 170.051, 103.544, 87.58044, 314.7957, 54.9702, 125.2221, 144.7446, 48.57383, 37.64167, -11.38655, 75.87733, -70.49754, 120.7513, 126.0124, -58.70032, 132.1378, -50.13511, 11.79722, 5.464501
6, 1, -0.1044813, -0.1036809, -0.9891077, -0.02021916, -0.2371418, -0.9712646, 185.984, 186.0299, 225.2203, 193.7208, 181.1926, 184.8734, 7.736725, 4.837326, -40.34694, -0.648157, 0.1436104, -0.7478428, -0.3772995, 0.03739031, -0.9253362, 169.1297, 220.9155, 282.493, 177.6861, 202.1828, 275.6595, 8.556442, 18.73271, -6.833527, -16.85439, -34.88565, 57.27274, -16.03467, -20.99026, 90.78615, 0.8197174, -13.89539, 33.51341, 5.752857
7, 8, -0.06401604, -0.02432225, -0.9976527, -0.04548777, -0.2440369, -0.9686986, 181.3966, 183.6714, 249.1962, 194.1399, 182.6885, 190.5586, 12.7433, 0.9829407, -58.63763, 0.5239676, 0.2532492, -0.8132178, 0.1685636, -0.0357718, -0.9850415, 162.7026, 147.2057, 64.20414, 182.0798, 170.2894, 101.9813, 19.37723, -23.08366, 37.77716, -18.694, 36.46568, -184.9921, -12.06007, 12.39908, -88.57729, 6.633926, 24.0666, 96.4148, 3.953193
8, 7, -0.06806956, -0.0766599, -0.9947312, -0.0384628, -0.2344069, -0.9713774, 184.4068, 183.9146, 221.6032, 193.5669, 182.2675, 189.3184, 9.160049, 1.647141, -32.28485, 0.6741021, 0.2381948, -0.699178, 0.3714829, -0.06006277, -0.926495, 161.1871, 136.0461, 70.53907, 183.7092, 158.1514, 99.18432, 22.52205, -22.10533, 28.64525, -23.21971, 47.86855, -151.0641, -9.857712, 24.11607, -90.13406, 13.362, 23.75247, 60.93009, 5.316952
9, 3, -0.07114713, -0.1214192, -0.9900485, -0.05152228, -0.2335169, -0.9709868, 186.9918, 184.1103, 210.3687, 193.5225, 183.0374, 192.4422, 6.530685, 1.072968, -17.92653, 0.955216, -0.02346429, 0.294978, 0.8979003, -0.2967227, -0.3251624, 355.4519, 72.83891, 91.40715, 222.3816, 109.9072, 108.2868, -133.0703, -37.06826, 16.87965, 168.4601, 111.2714, -118.9616, 28.8591, 73.1302, -84.15538, -139.601, 38.14123, 34.80618, 11.87071
10, 0, 0.07665075, -0.059099, -0.9953051, -0.0432232, -0.2370615, -0.9705327, 183.3981, 175.5962, 127.6328, 193.7262, 182.55, 190.3332, 10.32814, -6.953796, 62.70036, -0.415946, -0.3836004, -0.8245239, -0.1767798, -0.2079578, -0.9620304, 204.9497, 206.7695, 227.3166, 192.1977, 190.4123, 220.367, -12.75197, 16.35715, -6.9496, 21.55156, -31.17326, 99.68382, -1.528549, -7.86232, 30.03386, -23.08011, -23.31094, -69.64996, 4.053191
11, 4, -0.02218237, 0.07170441, -0.9971793, -0.06185644, -0.2451752, -0.9675034, 175.8871, 181.2743, 342.8101, 194.22, 183.6582, 194.1599, 18.33289, -2.383835, -148.6502, 0.8749318, 0.1237739, -0.4681607, 0.7288585, 0.06942283, -0.6811357, 165.1908, 118.1505, 81.94798, 174.1804, 133.0615, 84.55907, 8.989578, -14.91103, 2.611092, -10.69629, 63.12388, -260.8621, -20.0396, 50.59668, -109.6008, -9.343307, 12.5272, 151.2613, 5.540458
12, 8, -0.03174507, -0.05053757, -0.9982176, -0.03823105, -0.24207, -0.9695053, 182.8983, 181.8215, 212.1349, 194.0192, 182.2582, 188.9748, 11.12091, -0.4367065, -23.1601, 0.4606825, 0.255698, -0.8499355, 0.1591111, -0.03489247, -0.9866439, 163.2564, 151.5414, 60.9679, 182.0254, 170.8391, 102.3689, 18.76901, -19.29767, 41.40105, -19.64189, 30.28011, -151.167, -11.99379, 11.41914, -86.60586, 7.648102, 18.86096, 64.56113, 6.151392
13, 6, -0.05180012, -0.09947336, -0.993691, -0.04513298, -0.2416981, -0.9693013, 185.7166, 182.9841, 207.508, 194.0013, 182.6659, 190.5772, 8.284775, 0.3181763, -16.93079, 0.9827405, 0.1395793, -0.1214044, 0.6079858, -0.59893, 0.5211872, 131.0163, 97.04244, 81.91631, 311.0297, 49.39563, 134.5701, 180.0134, 47.64681, 52.6538, -54.70021, 85.94163, -125.5917, 117.0284, 133.2703, -56.00706, 171.7286, -47.32864, 69.58459, 8.628676
14, 1, -0.03143958, -0.09494081, -0.9949865, -0.009301784, -0.2367872, -0.971517, 185.4506, 181.8098, 198.3223, 193.6976, 180.5486, 182.2496, 8.246994, 1.261276, -16.07263, -0.534111, 0.2753802, -0.7993068, -0.3604543, 0.03099716, -0.9322617, 160.9899, 213.7516, 297.275, 178.0957, 201.1387, 274.915, 17.10571, 12.61281, -22.35995, -24.46066, -31.94173, 98.95274, -15.60194, -20.59019, 92.66542, 8.858719, -11.35153, -6.287323, 4.850615
15, 7, -0.01418216, -0.05074212, -0.9986112, -0.03497157, -0.2426727, -0.9694777, 182.9088, 180.8136, 195.6154, 194.0531, 182.0659, 188.2004, 11.14426, -1.252258, -7.414963, 0.7321911, 0.2632774, -0.6281571, 0.3800771, -0.06027097, -0.922989, 157.2601, 130.6268, 70.2227, 183.7361, 157.6187, 99.01069, 26.47597, -26.9919, 28.78799, -25.64871, 50.18689, -125.3927, -10.317, 24.44725, -89.18975, 15.33171, 25.73964, 36.20295, 6.852772
16, 5, -0.01647999, 0.01756384, -0.99971, -0.01768835, -0.2423806, -0.97002, 178.9935, 180.9444, 316.8235, 194.0293, 181.0447, 184.1739, 15.03584, -0.1002655, -132.6496, -0.03185562, -0.4606211, 0.8870251, -0.2512581, -0.7715021, 0.5845117, 332.5577, 357.9432, 183.9562, 307.1486, 336.7391, 198.0391, -25.40912, 21.20416, 14.0829, 153.5642, -176.9988, -132.8673, 113.1193, -155.6944, 13.86516, -40.44496, -21.30443, 146.7325, 4.997791
17, 2, -0.01496049, -0.1084775, -0.9939864, -0.03591613, -0.2389683, -0.970363, 186.2283, 180.8623, 187.8523, 193.8348, 182.1197, 188.5474, 7.606506, -1.257446, 0.6950684, -0.8888814, -0.01607511, 0.4578553, -0.9183068, -0.2456245, 0.310453, 357.9892, 297.2526, 268.9639, 321.6496, 288.6789, 255.0253, -36.33957, 8.57373, -13.9386, 171.7609, -116.3903, 81.1116, 127.8149, -106.5592, 66.47794, -43.94608, -9.831177, -14.63367, 5.140868
18, 8, -0.04746986, -0.06725851, -0.9966058, -0.05666571, -0.2443105, -0.96804, 183.8609, 182.727, 215.2138, 194.1643, 183.3501, 193.0584, 10.30342, -0.6230469, -22.1554, 0.4235696, 0.2667561, -0.8656962, 0.1605932, -0.03558251, -0.9863791, 162.8738, 153.9283, 57.79807, 182.066, 170.7528, 102.4931, 19.19218, -16.82443, 44.69508, -20.98709, 28.79871, -157.4157, -12.09833, 12.59732, -90.56522, 8.888763, 16.20139, 66.85048, 5.760705
19, 1, -0.0656707, -0.008215518, -0.9978076, -0.04413988, -0.2447831, -0.9685726, 180.4717, 183.7655, 262.8693, 194.1831, 182.6093, 190.2219, 13.71138, 1.156219, -72.6474, -0.7862472, 0.2968676, -0.5419273, -0.3844968, 0.03031704, -0.9226284, 151.2861, 235.4231, 290.6853, 178.118, 202.6235, 274.5084, 26.83189, 32.79965, -16.17694, -29.18565, -51.65764, 27.81604, -16.06514, -20.01421, 84.2865, 13.12051, -31.64343, 56.47046, 5.142321
20, 2, -0.04826854, -0.1717517, -0.9839571, -0.07327919, -0.231663, -0.9700322, 189.9013, 182.8084, 195.6973, 193.4318, 184.3201, 197.5531, 3.530441, -1.511673, 1.855789, -0.03420633, -0.1216335, -0.9919856, -0.8871174, -0.1913074, 0.4200285, 186.9905, 181.9749, 195.7073, 335.5125, 295.3364, 257.8305, 148.522, -113.3615, 62.12321, -2.910843, 0.8334808, 0.009979248, 142.0807, -111.0163, 60.2774, 144.9916, 111.8498, 60.26743, 7.552169
21, 0, -0.02955929, -0.05346504, -0.9981321, -0.06670631, -0.2426013, -0.96783, 183.0661, 181.6963, 208.937, 194.0721, 183.9428, 195.3743, 11.006, -2.24649, -13.5627, -0.6808398, -0.3800464, -0.6261165, -0.1694303, -0.2088674, -0.9631552, 211.2573, 227.3976, 240.8297, 192.2356, 189.9769, 219.0485, -19.02176, 37.4207, -21.78116, 28.19121, -45.70131, 31.8927, -1.836548, -6.034119, 23.67424, -30.02776, -39.66719, -8.21846, 4.01983
22, 5, -0.07554379, 0.03915535, -0.9963735, -0.101161, -0.2447144, -0.9643035, 177.7496, 184.3358, 297.3983, 194.2395, 185.9887, 202.4594, 16.48997, -1.652939, -94.93892, 0.25957, -0.509014, 0.8206877, -0.3782229, -0.7387574, 0.5578396, 328.1916, 17.55131, 152.9809, 307.0566, 325.8622, 207.1112, -21.13498, -308.3109, 54.13031, 150.4421, 166.7845, -144.4175, 112.8171, -139.8734, 4.651764, -37.62495, 306.6579, 149.0692, 4.162582
23, 3, -0.07697428, -0.02409168, -0.9967421, -0.119184, -0.2414431, -0.9630682, 181.3846, 184.416, 252.6207, 194.0741, 187.0547, 206.2724, 12.6895, -2.638779, -46.34833, 0.9993525, -0.03109591, -0.0181098, 0.8986889, -0.2840482, -0.3341777, 239.7841, 91.03817, 91.78225, 220.3643, 110.3977, 107.5402, -19.41985, -19.35949, 15.75791, 58.39951, 93.37778, -160.8385, 26.29016, 76.65707, -98.73225, -32.10934, 16.72071, 62.10625, 4.807128
24, 6, -0.04833009, -0.1063939, -0.9931489, -0.05626808, -0.2335955, -0.9707044, 186.1147, 182.786, 204.4302, 193.5307, 183.3175, 193.5433, 7.416046, -0.5314941, -10.88692, 0.8253469, 0.1139582, -0.5530063, 0.6180095, -0.579255, 0.5315334, 168.356, 123.8232, 82.1387, 312.54, 49.30206, 133.146, 144.1839, 74.52116, 51.00732, -17.75862, 58.96278, -122.2915, 119.0093, 134.0154, -60.39728, 136.7679, -75.05266, 61.89424, 4.763807
25, 7, -0.06392942, -0.05765034, -0.996288, -0.07553834, -0.2358236, -0.9688556, 183.3117, 183.6715, 227.9565, 193.68, 184.4581, 197.7612, 10.36827, -0.7866516, -30.19531, 0.6838155, 0.2685977, -0.6784186, 0.3562977, -0.06065169, -0.932402, 158.4005, 134.773, 68.55547, 183.7218, 159.0867, 99.66072, 25.32124, -24.31369, 31.10526, -24.91121, 48.89848, -159.401, -9.958237, 25.37144, -98.10043, 14.95297, 23.52704, 61.30057, 4.475936
26, 4, -0.03224584, -0.01357452, -0.999388, -0.06484015, -0.2409509, -0.9683689, 180.7782, 181.848, 247.1704, 193.9727, 183.8307, 195.0616, 13.19447, -1.982651, -52.10883, 0.8991701, 0.1190148, -0.4211045, 0.7044702, 0.07048549, -0.7062247, 164.2184, 115.0949, 82.46011, 174.3004, 135.0713, 84.28631, 10.08205, -19.97637, 1.826195, -16.55981, 66.75314, -164.7103, -19.67224, 48.75941, -110.7752, -3.112427, 17.99372, 53.93502, 5.240511
27, 8, 0.1403087, 0.1888367, -0.9719333, -0.05472775, -0.2345964, -0.9705511, 169.005, 171.7855, 36.61295, 193.5886, 183.2274, 193.1314, 24.58359, -11.44188, 156.5184, 0.540534, 0.2587982, -0.8005291, 0.1382349, -0.03451633, -0.9897978, 162.0848, 145.972, 64.41572, 181.9972, 172.0495, 104.0197, 19.91238, -26.07755, 39.60399, -6.920181, 25.81354, 27.80277, -11.59138, 11.17787, -89.11167, -4.671204, 14.63567, -116.9144, 5.162314
