SubjectID, Experiment, Height, Gender, Age, LocomotionRandomOrderId, TrialArray
01IH, locima, 73", male, 15, 2, [see code]Trial, ObjectId, RealStartVectorX, RealStartVectorY, RealStartVectorZ, PerfectStartVectorX, PerfectStartVectorY, PerfectStartVectorZ, RealStartAngleX, RealStartAngleY, RealStartAngleZ, PerfectStartAngleX, PerfectStartAngleY, PerfectStartAngleZ, StartErrorX, StartErrorY, StartErrorZ, RealEndVectorX, RealEndVectorY, RealEndVectorZ, PerfectEndVectorX, PerfectEndVectorY, PerfectEndVectorZ, RealEndAngleX, RealEndAngleY, RealEndAngleZ, PerfectEndAngleX, PerfectEndAngleY, PerfectEndAngle, EndErrorX, EndErrorY, EndErrorZ, RealChangeX, RealChangeY, RealChangeZ, PerfectChangeX, PerfectChangeY, PerfectChangeZ, ChangeErrorX, ChangeErrorY, ChangeErrorZ, ElapsedTime
 
LOCOMOTION
0, 2, -0.02512452, -0.01351534, -0.999593, -0.008700821, -0.1614912, -0.9868358, 180.7746, 181.4398, 241.7227, 189.2938, 180.5052, 183.084, 8.519196, 0.9346466, -58.63866,  
IMAGINATION
0, 5, -0.008305335, -0.1279034, -0.991752, -0.004614252, -0.1587275, -0.9873117, 187.3487, 180.4798, 183.7152, 189.1331, 180.2678, 181.6651, 1.784439, 0.2120209, -2.050095, -0.9700846, 0.002622904, -0.2427536, 0.2309622, 0.006724192, -0.9729394, 179.381, 255.9508, 270.1549, 179.604, 166.646, 88.33237, 0.223053, 89.30487, -181.8225, -7.967743, -75.47104, 86.43967, -9.529129, 13.62181, -93.33277, -1.561386, -89.09285, -179.7724, 15.57024
1, 2, -0.05501823, -0.132408, -0.9896673, 0.03056031, -0.1654844, -0.9857388, 187.6204, 183.1819, 202.5639, 189.5299, 178.2243, 169.537, 1.909515, 4.957672, -33.02692, -0.2772608, -0.5709999, 0.7727132, 0.3399001, -0.9103566, -0.2360484, 323.5373, 340.2613, 205.8999, 255.4638, 124.7786, 159.5259, -68.07352, 215.4827, -46.37399, 135.9169, -157.0793, 3.335983, 65.9339, 53.44568, -10.01109, -69.98303, -210.525, -13.34708, 9.861784
2, 7, -0.06336925, -0.09308621, -0.9936393, 0.05249869, -0.155479, -0.9864432, 185.352, 183.6491, 214.2454, 188.957, 176.9536, 161.3423, 3.605057, 6.695511, -52.90306, 0.7360563, 0.530907, -0.419951, -0.2600161, 0.7545579, -0.602523, 128.3442, 119.7066, 54.19762, 128.6078, 203.3424, 340.9864, 0.2635345, -83.63581, 286.7887, -57.00774, 63.94251, -160.0478, -60.34926, -26.38881, 179.644, -3.341522, 90.33132, 339.6918, 9.228724
3, 1, 0.03246099, -0.06573313, -0.9973093, 0.05339858, -0.1618134, -0.9853755, 183.7709, 178.1358, 153.7185, 189.3256, 176.8981, 161.7371, 5.554657, 1.23764, 8.0186, 0.4156089, -0.6205481, -0.6649733, 0.2039433, 0.02718852, -0.9786051, 223.0208, 147.9946, 146.188, 178.4086, 168.228, 82.40644, -44.61218, -20.23337, -63.78158, 39.24982, 30.14117, -7.530441, -10.91702, 8.670166, -79.33062, -50.16684, 21.47101, -71.80018, 9.816747
4, 3, 0.02509938, -0.1108089, -0.9935248, 0.03287017, -0.15823, -0.986855, 186.364, 178.5529, 167.2373, 189.1091, 178.0923, 168.2645, 2.745178, 0.460556, 1.027222, -0.9064928, -0.1454146, -0.3963906, 0.9822586, -0.1467162, -0.116801, 200.1454, 246.3812, 260.8866, 231.4767, 96.78123, 98.49525, 31.33127, 149.6, -162.3913, 13.78143, -67.82837, 93.64931, 42.36752, 81.31107, -69.76923, 28.58609, -149.1394, -163.4185, 9.328087
5, 0, -0.00259913, -0.1472411, -0.9890974, 0.05232069, -0.1594082, -0.9858253, 188.4671, 180.1506, 181.0113, 189.1852, 176.962, 161.8292, 0.7181244, 3.188568, -19.18207, -0.8679619, 0.4907739, -0.07604853, -0.2838856, 0.7491442, -0.5984914, 98.80829, 264.9927, 299.4852, 128.6214, 205.3766, 339.246, 29.81308, 59.61604, 39.76074, -89.65881, -84.84212, 118.4739, -60.56386, -28.41464, 177.4167, 29.09496, -56.42747, 58.94281, 11.00512
6, 8, 0.01077663, -0.1011987, -0.994808, 0.04344083, -0.1581283, -0.9864625, 185.8085, 179.3793, 173.9215, 189.1069, 177.4785, 164.6387, 3.298416, 1.900864, -9.282761, 0.6555159, -0.5916401, -0.4693197, 0.3339052, -0.9148393, -0.2271043, 231.5767, 125.601, 132.068, 256.0584, 124.2214, 159.9485, 24.48172, 1.379532, 27.88049, 45.76819, 53.7784, -41.85345, 66.95149, 53.25706, -4.690201, 21.1833, 0.5213318, 37.16325, 10.82713
7, 2, -0.008132147, -0.2165409, -0.9762397, 0.05927856, -0.1517907, -0.9866335, 192.5064, 180.4773, 182.1507, 188.7462, 176.5617, 158.668, -3.760147, 3.915543, -23.48277, -0.5972374, 0.5758048, 0.5583513, -0.2876565, 0.7441868, -0.6028597, 45.88165, 313.0727, 313.9533, 129.0107, 205.5083, 338.8666, 83.129, 107.5644, 24.9133, -146.6247, -132.5954, 131.8026, -59.73557, -28.94656, 180.1986, 86.88914, -103.6489, 48.39607, 13.1822
8, 7, 0.04256691, -0.07721794, -0.9961052, 0.03606848, -0.1632788, -0.9859205, 184.4327, 177.5531, 151.1339, 189.4034, 177.9048, 167.5433, 4.970734, -0.3517914, 16.40939, 0.8007854, 0.3675706, 0.4729002, 0.2202623, 0.001626315, -0.9754393, 37.85681, 59.43622, 65.34428, 179.9045, 167.2755, 89.57697, 142.0477, -107.8393, 24.23268, -146.5759, 118.1168, -85.78966, -9.498947, 10.6293, -77.96637, 137.0769, 107.4875, 7.823288, 12.92749
9, 1, 0.02470248, -0.1307487, -0.991108, 0.02039454, -0.1602929, -0.9868587, 187.5152, 178.5723, 169.3012, 189.2258, 178.8161, 172.7491, 1.710663, -0.2438354, 3.447891, 0.1379489, -0.1957853, -0.9708956, 0.5702699, 0.6383789, 0.5169764, 191.401, 171.9133, 144.8318, 50.99852, 47.80622, 41.77472, -140.4025, 124.1071, -103.057, 3.88588, 6.658936, -24.46941, -138.2273, 131.0099, -130.9743, -142.1132, -124.3509, -106.5049, 9.962096
10, 4, 0.03459807, -0.09748024, -0.9946359, 0.04211283, -0.1579028, -0.9865562, 185.5975, 178.0078, 160.459, 189.0933, 177.5557, 165.0667, 3.495865, 0.4520874, 4.607727, 0.3336228, -0.4870514, -0.8071413, 0.4113582, 0.4775438, -0.776361, 211.1079, 157.5428, 145.5895, 148.4041, 152.0829, 40.74175, -62.70383, 5.459869, -104.8477, 25.51048, 20.465, -14.86955, -40.68921, 25.47278, -124.325, -66.19969, -5.007782, -109.4554, 12.5713
11, 3, 0.01124394, -0.07308824, -0.9972621, 0.04093415, -0.1644963, -0.985528, 184.1917, 179.354, 171.2541, 189.476, 177.6216, 166.026, 5.284348, 1.732468, -5.228104, 0.08595514, -0.2495262, 0.9645457, 0.5709635, 0.7176754, 0.3986763, 345.4957, 5.092441, 160.9925, 60.94736, 55.07526, 38.50483, -284.5483, -49.98282, -122.4877, 161.304, 174.2616, -10.2616, -128.5286, 122.5463, -127.5212, -289.8326, 51.71529, -117.2596, 11.26129
12, 5, -0.02750304, -0.09320782, -0.9952667, 0.0226916, -0.1467457, -0.988914, 185.3502, 181.5829, 196.4399, 188.4406, 178.6855, 171.2099, 3.090363, 2.897385, -25.23001, -0.8880401, -0.3351557, -0.3147309, 0.3388654, -0.9039743, -0.2607694, 226.8001, 250.4851, 249.323, 253.9087, 127.5796, 159.4509, 27.10861, 122.9055, -89.87207, 41.44992, -68.90224, 52.8831, 65.46817, 51.1059, -11.75896, 24.01825, -120.0081, -64.64206, 12.71616
13, 7, 0.02941678, -0.1038498, -0.994158, 0.01948597, -0.1461135, -0.9890759, 185.9635, 178.3051, 164.1846, 188.4034, 178.8714, 172.4037, 2.43988, -0.5662231, 8.219193, 0.2616655, 0.01447756, 0.96505, 0.9579901, -0.1734258, -0.2284265, 0.8594799, 15.17054, 86.83314, 217.2065, 103.4114, 100.2612, 216.347, -88.24084, 13.42804, -185.104, 163.1346, -77.35142, 28.8031, 75.45998, -72.14257, 213.9071, 87.67462, 5.208847, 13.41497
14, 3, 0.03373223, -0.07615612, -0.9965253, 0.03490778, -0.1524659, -0.987692, 184.3701, 178.0613, 156.1098, 188.7752, 177.9759, 167.1041, 4.405106, 0.0854187, 10.99435, 0.8548393, -0.2579635, 0.4502273, 0.3743681, 0.4716626, -0.7983627, 330.1889, 62.22509, 106.7922, 149.4259, 154.8772, 38.43974, -180.763, -92.6521, -68.35242, 145.8188, 115.8362, -49.31762, -39.34929, 23.09866, -128.6644, -185.1681, 92.73752, -79.34676, 13.41561
15, 0, 0.02215759, -0.1626319, -0.986438, 0.06236112, -0.1431892, -0.9877287, 189.362, 178.7132, 172.2416, 188.2486, 176.3874, 156.4661, -1.113419, 2.325836, -15.77545, 0.7744393, 0.1577954, 0.6126536, 0.9527525, -0.1693696, -0.2521441, 14.44322, 51.65273, 78.48338, 213.8899, 104.8234, 100.0801, 199.4467, -53.17066, 21.59671, -174.9188, 127.0605, -93.75819, 25.64134, 71.564, -56.38603, 200.5601, 55.4965, 37.37216, 13.00397
16, 1, -0.0022597, -0.07373784, -0.9972752, 0.03961693, -0.1508529, -0.9877621, 184.2287, 180.1298, 181.7553, 188.6832, 177.7032, 165.2853, 4.454514, 2.42659, -16.47, 0.02708273, -0.5869942, 0.8091381, -0.06899523, -0.9230297, 0.3784916, 324.0408, 1.917037, 177.3584, 292.2963, 349.669, 184.2748, -31.74451, -347.752, 6.916458, 139.8121, 178.2128, -4.396912, 103.613, -171.9657, 18.98955, -36.19902, 350.1785, 23.38646, 13.99275
17, 5, 0.003668863, -0.06030033, -0.9981736, 0.01460367, -0.1504109, -0.9885157, 183.4571, 179.7894, 176.5182, 188.6517, 179.1536, 174.4544, 5.194611, 0.635788, -2.063812, 0.8485823, -0.1880212, 0.4945262, -0.9333497, -0.1489835, 0.3265921, 339.183, 59.76776, 102.4932, 335.4787, 289.2856, 260.9308, -3.704285, -229.5179, 158.4376, 155.7259, 120.0216, -74.02499, 146.827, -110.132, 86.47639, -8.898895, 230.1537, 160.5014, 15.62473
 
LOCOMOTION
0, 2, -0.08733051, -0.1234315, -0.988503, 0.02504601, -0.1532797, -0.9878654, 187.1175, 185.0488, 215.2803, 188.8198, 178.5477, 170.7198, 1.702316, 6.501114, -44.56041, -0.1071226, 0.3653823, -0.9246734, -0.2770042, 0.7260464, -0.6293849, 158.4387, 186.6082, 343.6599, 130.9209, 203.7552, 339.1169, -27.51778, -17.14699, -4.542999, -28.67883, -1.559448, 128.3797, -57.89893, -25.20755, 168.3971, -29.22009, 23.6481, 40.01741, 11.9943
1, 3, -0.08457067, -0.02579879, -0.9960835, 0.01181559, -0.158204, -0.9873357, 181.4836, 184.853, 253.0354, 189.1033, 179.3144, 175.7287, 7.619675, 5.538589, -77.30661, 0.9919676, -0.008534461, -0.1262039, 0.9594055, -0.1759219, -0.2204372, 183.8687, 97.25055, 90.49294, 218.5919, 102.9399, 100.3906, 34.72324, -5.689392, 9.897705, 2.385056, 87.6024, -162.5424, 29.48862, 76.37442, -75.3381, 27.10356, 11.22798, 87.20432, 7.096374
2, 8, -0.02822776, -0.1099945, -0.9935313, 0.01322233, -0.1518261, -0.9883188, 186.3175, 181.6274, 194.3931, 188.7335, 179.2335, 175.0228, 2.416016, 2.393921, -19.37039, 0.4556725, -0.6219608, -0.6368103, 0.3161592, -0.9137887, -0.2550169, 224.3241, 144.4142, 143.772, 254.4068, 128.89, 160.915, 30.0827, 15.52426, 17.14299, 38.00661, 37.21321, -50.62109, 65.67329, 50.34355, -14.10771, 27.66669, -13.13034, 36.51338, 7.075403
3, 5, -0.06826264, -0.1167978, -0.9908071, 0.02671814, -0.1534536, -0.9877946, 186.7231, 183.9412, 210.3042, 188.8303, 178.4506, 170.1231, 2.107208, 5.490585, -40.18108, -0.7910302, -0.1419352, 0.5950845, -0.9075648, -0.1452085, 0.3940057, 346.5849, 306.9538, 259.8276, 339.7689, 293.4673, 260.9099, -6.815948, 13.48645, 1.082214, 159.8618, -123.0126, 49.52344, 150.9386, -115.0167, 90.78673, -8.923157, -7.995865, 41.26329, 9.129099
4, 1, 0.006429159, -0.1130356, -0.9935703, 0.01067807, -0.1557318, -0.9877417, 186.4905, 179.6293, 176.7447, 188.9597, 179.3806, 176.0775, 2.469284, 0.2486267, -0.6671448, 0.7053761, 0.0777863, -0.7045524, 0.1969918, 0.00504938, -0.9803922, 173.6998, 134.9665, 83.70705, 179.7049, 168.6387, 88.53169, 6.005157, -33.67223, 4.824638, -12.79071, 44.66273, -93.03764, -9.254837, 10.74188, -87.54585, 3.535873, 33.92085, 5.491783, 6.262962
5, 7, -0.04659527, -0.09290449, -0.9945843, 0.0146093, -0.1535358, -0.9880351, 185.3365, 182.6823, 206.6356, 188.8328, 179.1529, 174.5645, 3.496307, 3.529419, -32.07104, -0.01349453, 0.408869, -0.9124934, -0.2644745, 0.7320146, -0.6278598, 155.8638, 180.8473, 358.1097, 130.6202, 202.8424, 340.1354, -25.24367, -21.99512, -17.9743, -29.47269, 1.835037, 151.4741, -58.21266, -23.6895, 165.5708, -28.73997, 25.52454, 14.09674, 8.140371
6, 4, -0.0315417, -0.09427242, -0.9950467, 0.02146221, -0.154822, -0.9877093, 185.4121, 181.8156, 198.4992, 188.9085, 178.7552, 172.1077, 3.496399, 3.060394, -26.39157, 0.1386383, -0.44806, -0.8831885, 0.3902507, 0.4813178, -0.7848807, 206.8996, 171.0788, 162.8069, 148.4818, 153.563, 39.03501, -58.41779, 17.51584, -123.7719, 21.48749, 10.73679, -35.69229, -40.4267, 25.19223, -133.0727, -61.91418, -14.45544, -97.38037, 9.417945
7, 6, -0.05434515, -0.02294002, -0.9982588, 0.03705094, -0.155958, -0.9870685, 181.3164, 183.1161, 247.1146, 188.9786, 177.8503, 166.636, 7.66214, 5.265762, -80.47858, -0.2961529, -0.5759336, -0.7619672, 0.423153, 0.4791505, -0.768997, 217.0838, 201.2396, 207.2128, 148.0736, 151.1775, 41.44875, -69.01027, 50.06207, -165.7641, 35.76741, -18.12346, -39.90172, -40.905, 26.67285, -125.1872, -76.67241, -44.79631, -85.28552, 8.883521
8, 1, -0.09755728, -0.06320176, -0.9932212, 0.01673164, -0.1588837, -0.9871555, 183.641, 185.6098, 237.0631, 189.1434, 179.029, 173.9885, 5.502396, 6.580795, -63.07463, -0.04411755, -0.7578209, 0.6509694, -0.05863306, -0.9358218, 0.3475624, 310.6626, 356.1229, 183.3318, 290.3749, 350.4245, 183.5851, -20.28772, 5.698395, 0.2533417, 127.0216, -170.5131, -53.73132, 101.2315, -171.3955, 9.596649, -25.79012, 0.8824005, 63.32797, 8.174391
9, 4, -0.01733732, -0.0409102, -0.9990125, 0.03923262, -0.1530316, -0.9874423, 182.345, 180.9942, 202.9667, 188.8095, 177.7247, 165.6208, 6.464508, 3.269485, -37.34593, -0.6190239, -0.007250054, 0.7853387, -0.8639729, -0.1697835, 0.4740511, 359.4711, 321.7539, 269.329, 340.2948, 298.753, 258.8822, -19.17627, 23.00092, -10.44678, 177.1261, -140.7597, 66.36224, 151.4853, -121.0283, 93.2614, -25.64078, -19.73143, 26.89915, 7.685046
10, 0, -0.01620256, -0.113865, -0.9933641, 0.03434931, -0.1492153, -0.9882079, 186.539, 180.9345, 188.0986, 188.5866, 178.0092, 167.0364, 2.047531, 2.925217, -21.06223, 0.9955859, -0.04947849, -0.07975297, 0.9696014, -0.1634107, -0.1821266, 211.8153, 94.57999, 92.84514, 221.8996, 100.6383, 99.56638, 10.0843, -6.058296, 6.721245, 25.27629, 86.35448, -95.25346, 33.31306, 77.37096, -67.46999, 8.036774, 8.983513, 27.78347, 8.839617
11, 1, -0.007645074, -0.04315415, -0.9990394, 0.004856277, -0.1565051, -0.9876652, 182.4734, 180.4384, 190.0461, 189.0042, 179.7183, 178.2227, 6.530823, 0.7201385, -11.82343, 0.4125497, -0.6123875, -0.6743773, 0.3340026, -0.9038026, -0.2675501, 222.2419, 148.5438, 146.0329, 253.5098, 128.6962, 159.7181, 31.26791, 19.84763, 13.68523, 39.76852, 31.89461, -44.01328, 64.50562, 51.02209, -18.50462, 24.73709, -19.12749, 25.50865, 8.084365
12, 8, -0.07318351, -0.08871045, -0.9933652, 0.005027404, -0.1552723, -0.9878589, 185.1031, 184.2135, 219.5216, 188.9327, 179.7084, 178.1455, 3.829575, 4.505081, -41.3761, -0.126373, -0.5419288, -0.8308688, -0.1966023, -0.3705515, -0.9077659, 213.1142, 188.6483, 193.1263, 202.2054, 192.2203, 207.9489, -10.90878, -3.572021, 14.82263, 28.01102, -4.434753, -26.39532, 13.27266, -12.51186, 29.80341, -14.73836, 8.077103, 56.19873, 7.852242
13, 6, -0.02320214, -0.1101702, -0.9936419, 0.01384149, -0.154465, -0.9879013, 186.3268, 181.3376, 191.8929, 188.8866, 179.1973, 174.8794, 2.559784, 2.140366, -17.01341, -0.252558, -0.4987435, -0.8291378, -0.1655154, -0.379656, -0.910201, 211.0278, 196.9409, 206.8571, 202.6416, 190.3063, 203.5553, -8.386169, 6.634583, -3.301788, 24.70094, -15.60326, 14.96428, 13.75499, -11.10904, 28.6759, -10.94595, -4.494217, 13.71162, 6.996313
14, 2, -0.08933347, -0.1122616, -0.989655, 0.01892147, -0.1597009, -0.9869841, 186.4717, 185.1579, 218.5114, 189.1912, 178.9017, 173.2431, 2.719498, 6.256226, -45.26836, 0.1334659, -0.5860584, 0.7992011, -0.07354944, -0.948724, 0.30743, 323.7472, 9.480856, 167.1706, 287.9547, 346.5455, 184.433, -35.79248, -337.0646, 17.26241, 137.2755, 175.6771, -51.34085, 98.76352, -167.6438, 11.18991, -38.51198, 343.3209, 62.53076, 7.961188
15, 5, -0.04835003, -0.07893082, -0.9957069, -0.07256918, -0.1483079, -0.986275, 184.5324, 182.78, 211.4901, 188.5516, 184.2082, 206.0732, 4.019165, -1.428162, -5.416901, 0.3615403, 0.009068307, -0.9323125, 0.1823824, 0.008195949, -0.9831935, 179.4427, 158.8043, 88.56319, 179.5224, 169.4911, 87.42696, 0.0796814, -10.68681, -1.136223, -5.089706, 23.97574, -122.9269, -9.02919, 14.71709, -118.6462, -3.939484, 9.258652, 4.280678, 7.075119
16, 3, -0.04458951, -0.07889873, -0.995885, -0.01428697, -0.151106, -0.9884143, 184.5298, 182.5636, 209.4729, 188.6919, 180.8281, 185.4012, 4.16214, 1.735519, -24.07167, 0.3792787, 0.1447455, -0.913891, 0.1900472, 0.005010333, -0.9817622, 171, 157.4608, 69.11146, 179.7076, 169.0443, 88.48983, 8.707581, -11.58353, 19.37837, -13.52974, 25.10283, -140.3615, -8.984299, 11.78378, -96.9114, 4.545441, 13.31905, 43.45005, 7.585534
17, 0, -0.03829699, -0.1873952, -0.9815379, -0.04411548, -0.1437597, -0.9886288, 190.8088, 182.2344, 191.5502, 188.2736, 182.555, 197.0597, -2.535263, -0.3206177, 5.50946, -0.1239812, 0.5502604, -0.8257376, -0.2868254, 0.7081019, -0.6452308, 146.3211, 188.5389, 347.3025, 132.3401, 203.9666, 337.949, -13.98091, -15.4277, -9.353546, -44.48776, -6.30455, 155.7523, -55.93341, -21.41164, 140.8893, -11.44565, 15.10709, -14.86301, 8.550405
 
IMAGINATION
18, 8, 0.01221883, -0.08193029, -0.9965632, 0.004405315, -0.1476889, -0.989024, 184.6999, 179.2975, 171.5176, 188.4931, 179.7448, 178.2915, 3.793228, -0.4472656, 6.773865, -0.8917058, -0.06495742, 0.4479301, -0.9312876, -0.1663046, 0.3241083, 351.7487, 296.6717, 265.8336, 332.837, 289.189, 259.8751, -18.91165, 7.482697, -5.958435, 167.0488, -117.3742, 94.31595, 144.3439, -109.4442, 81.58365, -22.70488, -7.929962, -12.7323, 7.69568
19, 0, -0.003143177, -0.0565903, -0.9983925, 0.003384974, -0.1475052, -0.9890555, 183.2441, 180.1804, 183.1791, 188.4824, 179.8039, 178.6854, 5.238297, 0.3764648, -4.493698, 0.4666094, -0.7152175, 0.5203264, -0.1319156, -0.9186313, 0.3724446, 306.0362, 41.88457, 146.8795, 292.0693, 340.4964, 188.1718, -13.96689, -298.6118, 41.29234, 122.7921, 138.2958, -36.29961, 103.5869, -160.6925, 9.486435, -19.20518, 298.9883, 45.78604, 7.362504
20, 4, -0.03428086, -0.09227491, -0.9951434, 0.006790371, -0.1454775, -0.9893382, 185.2976, 181.9729, 200.3804, 188.3651, 179.6068, 177.3276, 3.067505, 2.366196, -23.05286, 0.8348278, 0.4895367, 0.2518263, -0.8740737, -0.2153455, 0.4354556, 62.77792, 73.21404, 59.61296, 333.6862, 296.4821, 256.1597, 270.9083, -223.268, 196.5467, -122.5197, 108.7589, -140.7675, 145.3211, -116.8753, 78.83209, 267.8408, 225.6342, 219.5996, 6.897592
21, 2, -0.02612438, 0.04908659, -0.9984529, 0.0103755, -0.1481135, -0.9889159, 177.1855, 181.4988, 331.9776, 188.5181, 179.3989, 175.9929, 11.33263, 2.099899, -155.9847, -0.05861157, -0.8078964, 0.5864027, -0.06610734, -0.972985, 0.221201, 305.9736, 354.2922, 184.1494, 282.8081, 343.3609, 183.8869, -23.16553, 10.93127, -0.2625885, 128.7881, -172.7934, -147.8282, 94.28999, -163.962, 7.893936, -34.49815, -8.831375, 155.7221, 7.018161
22, 1, -0.00407591, -0.1354337, -0.9907782, 0.00561831, -0.143145, -0.9896858, 187.7838, 180.2357, 181.7238, 188.23, 179.6747, 177.7523, 0.4462433, 0.5609589, -3.971466, 0.5598274, -0.7491181, -0.3541402, 0.3093379, -0.9190762, -0.2441497, 244.6979, 122.317, 143.2287, 255.1231, 128.2828, 161.3981, 10.42525, -5.965851, 18.16939, 56.91414, 57.91875, -38.49513, 66.89314, 51.39194, -16.35428, 9.979004, 6.52681, 22.14085, 8.496271
23, 2, -0.05492528, -0.01906438, -0.9983085, -0.0395765, -0.1446204, -0.9886954, 181.094, 183.1492, 250.8583, 188.3219, 182.2923, 195.3047, 7.227844, 0.8568878, -55.55354, -0.02207327, -0.5790345, 0.8150042, -0.1880504, -0.3508209, -0.9173667, 324.6074, 358.4486, 182.1831, 200.9279, 191.5845, 208.1926, -123.6795, 166.8641, 26.00952, 143.5134, -175.2995, -68.67517, 12.60606, -9.292267, 12.88789, -130.9073, -166.0072, 81.56306, 11.09387
24, 6, -0.009797055, -0.1949235, -0.9807695, 0.0004627307, -0.1461822, -0.9892576, 191.2408, 180.5723, 182.8773, 188.4057, 179.9732, 179.8186, -2.835052, 0.5991211, -3.058685, -0.2060429, 0.243898, 0.9476603, 0.5038106, 0.7164736, 0.4825355, 14.43291, 347.7335, 319.8092, 56.04026, 46.23566, 35.11415, 41.60735, 301.4979, -284.695, -176.8079, -167.1612, 136.9319, -132.3655, 133.7375, -144.7045, 44.4424, -300.8987, -281.6364, 9.783828
25, 4, -0.01227345, -0.1466509, -0.9891123, 0.03213733, -0.1432328, -0.9891671, 188.4335, 180.7109, 184.784, 188.2392, 178.1392, 167.3539, -0.1942902, 2.571762, -17.43011, -0.2483274, -0.504139, -0.8271504, 0.9767886, -0.1296529, -0.1705118, 211.3618, 196.7108, 206.2238, 217.2485, 99.90199, 97.56089, 5.886612, 96.80885, -108.6629, 22.92831, -15.99991, 21.43977, 29.00922, 78.23717, -69.79302, 6.080902, -94.23708, -91.2328, 7.574133
26, 6, -0.008851103, -0.1047011, -0.9944644, -0.002929722, -0.1465196, -0.9892034, 186.0102, 180.5099, 184.8321, 188.4253, 180.1697, 181.1455, 2.415146, 0.3402405, -3.68663, -0.9498594, 0.1990538, -0.2411326, -0.1901641, -0.3739914, -0.9077269, 140.4605, 255.7557, 281.8357, 202.3921, 191.832, 206.9521, 61.93159, 63.92368, -74.88364, -45.54968, -75.24579, 97.00357, 13.96677, -11.66235, 25.80656, 59.51645, -63.58344, -71.19701, 14.64899
27, 5, 0.04922788, -0.1196523, -0.9915949, -0.01531883, -0.1433662, -0.9895512, 186.8804, 177.1579, 157.6366, 188.2437, 180.8869, 186.099, 1.363235, -3.729004, 28.46242, -0.7930258, 0.3335653, -0.5097495, -0.2805254, 0.7120583, -0.6436448, 146.8004, 237.2675, 292.8128, 132.1111, 203.5494, 338.4973, -14.68933, 33.71803, 45.68457, -40.07999, -60.10959, 135.1762, -56.13255, -22.66255, 152.3984, -16.05257, -37.44704, 17.22215, 11.46037
28, 0, 0.01842947, -0.07845264, -0.9967475, -0.003623893, -0.1458665, -0.9892976, 184.5004, 178.9407, 166.7802, 188.3875, 180.2099, 181.4232, 3.887115, -1.269135, 14.64294, 0.8429645, 0.3321546, 0.4231834, 0.3813479, 0.4556071, -0.8043606, 38.1282, 63.34252, 68.49399, 150.4719, 154.6343, 39.92969, 112.3437, -91.29182, -28.5643, -146.3722, 115.5982, -98.28622, -37.91565, 25.57553, -141.4935, 108.4565, 90.02269, -43.20724, 14.71479
29, 6, -0.006548862, -0.06142106, -0.9980904, -0.03879404, -0.1461135, -0.9885069, 183.5215, 180.3759, 186.086, 188.4081, 182.2474, 194.8693, 4.886673, -1.87149, 8.78331, -0.5267584, 0.3497418, 0.7747298, 0.4118488, 0.4476202, -0.7937359, 24.29618, 325.7872, 303.5822, 150.5796, 152.5764, 42.61671, 126.2834, 173.2108, -260.9655, -159.2253, -145.4113, 117.4962, -37.82855, 29.67104, -152.2526, 121.3967, -175.0823, -269.7488, 13.70432
30, 8, 0.003228379, -0.08255689, -0.9965811, 0.003034928, -0.1536423, -0.9881219, 184.7356, 179.8144, 177.7606, 188.8381, 179.824, 178.8684, 4.102524, -0.009628296, 1.107773, -0.08992966, -0.1178171, 0.9889549, 0.5145985, 0.6924892, 0.5056157, 353.2062, 354.8041, 217.3544, 53.86523, 45.50447, 36.61656, -299.341, 309.2997, -180.7379, 168.4706, -174.9897, 39.59384, -134.9729, 134.3195, -142.2518, -303.4435, -309.3093, -181.8456, 11.12732
31, 4, -0.03869393, -0.01164387, -0.9991834, 0.01631849, -0.1627936, -0.9865251, 180.6677, 182.2177, 253.2523, 189.3703, 179.0523, 174.2758, 8.702682, 3.165359, -78.9765, 0.3825396, -0.274166, 0.8823245, -0.1943137, -0.3832487, -0.9029744, 342.7383, 23.43957, 125.6292, 202.9978, 192.1444, 206.8858, -139.7406, -168.7049, 81.25663, 162.0707, 158.7781, -127.6231, 13.62744, -13.0921, 32.61002, -148.4432, 171.8702, 160.2331, 10.19472
32, 3, 0.07119876, -0.07631889, -0.9945382, 0.0460556, -0.1639964, -0.9853852, 184.3882, 175.9052, 136.9879, 189.4491, 177.324, 164.3135, 5.060898, -1.418823, 27.32565, 0.6566254, 0.468564, -0.5910086, 0.2142372, 0.0004259978, -0.9767815, 141.5919, 131.9894, 54.48857, 179.975, 167.6292, 89.88607, 38.38312, -35.6398, 35.3975, -42.79626, 43.91577, -82.49928, -9.474045, 9.694794, -74.42744, 33.32222, 34.22098, 8.071846, 11.53908
33, 8, 0.05343048, -0.03701897, -0.9978852, 0.02031521, -0.1647181, -0.9861314, 182.1246, 176.9351, 124.7159, 189.4828, 178.8198, 172.969, 7.358276, -1.884735, 48.25313, -0.7862333, -0.565134, -0.2499213, -0.1341571, -0.370771, -0.9189835, 246.1434, 252.366, 234.2919, 201.972, 188.3056, 199.8918, -44.17139, 64.06039, -34.40015, 64.01881, -75.43092, 109.576, 12.48915, -9.485794, 26.92274, -51.52966, -65.94513, -82.65327, 14.72673
34, 7, -0.02055802, 0.003943102, -0.999781, 0.0009466541, -0.1531124, -0.9882083, 179.774, 181.178, 280.8577, 188.8073, 179.9451, 179.6458, 9.03331, 1.232864, -101.2119, -0.1920976, -0.2943582, 0.93619, -0.8620828, -0.14693, 0.4849998, 342.5457, 348.4044, 213.1284, 343.1459, 299.3617, 260.3277, 0.6001587, 49.04269, 47.19928, 162.7717, -167.2264, -67.72928, 154.3386, -119.4166, 80.6819, -8.433151, -47.80983, 148.4112, 13.10381
35, 6, -0.585778, -0.1174544, -0.8019156, 0.05580734, -0.1649901, -0.9847152, 188.3327, 216.1471, 258.662, 189.5116, 176.7563, 161.3121, 1.178894, 39.39082, -97.3499, 0.3300495, -0.5698387, 0.7525631, -0.1884365, -0.8836355, 0.428579, 322.8671, 23.68068, 149.9207, 295.8742, 336.266, 192.0381, -26.99289, -312.5853, 42.11743, 134.5344, 192.4664, -108.7413, 106.3626, -159.5097, 30.72603, -28.17178, 351.9761, 139.4673, 11.90549
 
LOCOMOTION
18, 4, 0.00090733, -0.09873374, -0.9951136, -0.005681964, -0.1562174, -0.9877064, 185.6663, 179.9478, 179.4735, 188.9875, 180.3296, 182.0831, 3.321289, -0.3818512, 2.609573, -0.1052034, -0.5243132, -0.845002, -0.1649208, -0.3747987, -0.9123196, 211.8191, 187.0968, 191.3457, 202.3338, 190.2467, 203.7507, -9.485275, -3.149902, 12.40495, 26.15283, -7.149094, 11.87225, 13.34627, -9.917145, 21.66763, -12.80656, 2.768051, 9.79538, 10.98473
19, 6, 0.03339163, -0.02862845, -0.9990324, -0.008878201, -0.1554347, -0.9878063, 181.6414, 178.0857, 130.6083, 188.9424, 180.515, 183.2691, 7.300949, -2.429291, 52.66083, 0.8457721, 0.3141507, 0.4312527, 0.4656302, 0.658663, 0.5910596, 36.07188, 62.98332, 69.62317, 48.09638, 38.23064, 35.25772, 12.02451, 24.75267, -34.36544, -145.5695, 115.1023, -60.98511, -140.846, 142.2843, -148.0114, 4.723572, -27.18196, -87.02628, 9.639694
20, 8, 0.009650996, -0.1683426, -0.9856813, 0.00268354, -0.152146, -0.9883544, 189.6919, 179.439, 176.7189, 188.7513, 179.8444, 178.9895, -0.9405823, -0.4054108, 2.27066, 0.8940749, 0.246716, 0.3738467, 0.4352059, 0.6739019, 0.5970359, 33.42238, 67.30835, 74.57339, 48.46102, 36.08996, 32.85437, 15.03864, 31.21839, -41.71902, -156.2695, 112.1307, -102.1455, -140.2903, 143.7545, -146.1351, 15.97922, -31.62379, -43.98969, 10.1169
21, 3, -0.05374029, -0.08586247, -0.9948568, -0.06140532, -0.1558198, -0.9858751, 184.9328, 183.092, 212.042, 188.9814, 183.5641, 201.5084, 4.04866, -0.4720612, -10.5336, 0.8215064, -0.1006972, 0.5612374, 0.4023085, 0.7516686, 0.52263, 349.8282, 55.65986, 96.98825, 55.18937, 37.58824, 28.15661, -294.6389, 18.07162, -68.83164, 164.8954, 127.4321, -115.0537, -133.7921, 145.9758, -173.3518, -298.6875, -18.54369, -58.29805, 8.640274
22, 7, -0.01875234, -0.09153437, -0.9956255, -0.02165257, -0.1474638, -0.9888304, 185.2528, 181.079, 191.5778, 188.482, 181.2544, 188.3532, 3.229172, -0.1753845, -3.224564, 0.9470144, 0.01953836, -0.3205965, 0.9588364, -0.1721618, -0.2258163, 176.5125, 108.7027, 88.81807, 217.3218, 103.2523, 100.1792, 40.80931, 5.450417, 11.36109, -8.740311, 72.37633, -102.7597, 28.83983, 78.00213, -88.17406, 37.58014, -5.625801, 14.58566, 9.851425
23, 2, -0.02102254, -0.03864178, -0.9990321, -0.02471502, -0.1503368, -0.9883258, 182.2151, 181.2055, 208.5478, 188.6491, 181.4325, 189.3358, 6.434052, -0.227005, -19.21202, 0.02282372, -0.569598, -0.8216067, 0.3189219, -0.9112385, -0.26064, 214.7325, 178.4088, 177.7054, 254.038, 129.2575, 160.7106, 39.30544, 49.15123, -16.99478, 32.51747, 2.796722, -30.84241, 65.38885, 52.17496, -28.62517, 32.87138, -49.37823, 2.217239, 8.729118
24, 8, -0.03693035, -0.07860564, -0.9962216, -0.02034683, -0.1505003, -0.9884005, 184.5115, 182.123, 205.165, 188.6577, 181.1793, 187.6994, 4.14621, 0.9437103, -17.46559, -0.9151968, -0.1009501, 0.3901587, -0.911963, -0.1506691, 0.3816051, 345.4934, 293.0891, 263.7055, 338.4544, 292.7065, 260.6187, -7.038971, 0.3825684, -3.086792, 160.9819, -110.9661, 58.5405, 149.7967, -111.5273, 72.9193, -11.18518, 0.561142, 14.3788, 9.150774
25, 1, -0.07741106, -0.1381716, -0.9873785, -0.03565729, -0.1479438, -0.9883528, 187.9661, 184.4828, 209.2599, 188.5132, 182.0662, 193.5509, 0.5471191, 2.416656, -15.70895, 0.8067734, 0.2174644, 0.5493869, 0.4752513, 0.7001129, 0.5328959, 21.59519, 55.74639, 74.91455, 52.72317, 41.72746, 34.16948, 31.12797, 14.01892, -40.74507, -166.3709, 128.7365, -134.3453, -135.7901, 140.3387, -159.3814, 30.58084, -11.60226, -25.03612, 11.55009
26, 5, -0.06784395, -0.1251679, -0.9898134, -0.01019623, -0.1487221, -0.9888265, 187.2071, 183.921, 208.4587, 188.5533, 180.5908, 183.922, 1.346191, 3.330261, -24.53673, 0.5586063, -0.5036148, -0.6590385, 0.3101777, -0.9217815, -0.2326126, 217.3858, 139.7151, 132.0364, 255.837, 126.8674, 161.402, 38.45122, 12.84769, 29.3656, 30.17868, 44.2059, -76.4223, 67.28371, 53.72333, -22.51997, 37.10503, -9.517426, 53.90233, 8.174995
27, 7, 0.04428783, 0.005373117, -0.9990045, 0.01087942, -0.1525955, -0.9882289, 179.6918, 177.4616, 83.08253, 188.7779, 179.3692, 175.922, 9.086044, -1.907608, 92.83942, 0.3127535, 0.2764135, -0.908725, 0.1984973, 0.00310631, -0.9800965, 163.0814, 161.0082, 48.52955, 179.8184, 168.5508, 89.10345, 16.73697, -7.542633, 40.5739, -16.61041, 16.45343, -34.55299, -8.959488, 10.81841, -86.8185, 7.650925, 5.635025, -52.26552, 9.41816
28, 3, -0.02501554, -0.05361968, -0.9982482, 0.01006818, -0.1498062, -0.9886641, 183.0746, 181.4355, 205.0108, 188.6161, 179.4165, 176.155, 5.541504, 2.018951, -28.85573, 0.5069099, 0.4346704, -0.7443818, 0.421322, 0.4511437, -0.7867382, 149.7179, 145.7459, 49.38723, 150.1685, 151.8296, 43.04234, 0.4506378, -6.08374, -6.344891, -33.35675, 35.68962, -155.6236, -38.44762, 27.58693, -133.1127, -5.090866, 8.102692, 22.51085, 8.884375
29, 0, 0.02783661, 0.04495656, -0.9986011, 0.0306241, -0.1552754, -0.9873964, 177.4223, 178.4033, 31.76533, 188.937, 178.2235, 168.8431, 11.51469, 0.179718, 137.0777, 0.6611977, -0.75011, -0.01236551, -0.2423994, -0.8840439, 0.3996359, 269.0556, 91.0714, 138.6049, 294.3256, 328.7611, 195.3333, 25.26999, -237.6897, 56.72842, 91.63327, 87.33186, 106.8395, 105.3886, -150.5375, 26.49023, 13.75529, 237.8694, -80.3493, 7.861451
30, 7, -0.010512, -0.08249597, -0.9965361, -0.01147687, -0.1524501, -0.9882445, 184.7323, 180.6044, 187.2617, 188.7695, 180.6654, 184.3053, 4.037216, -0.06098938, -2.956467, -0.9599859, -0.05380934, 0.2748304, -0.9089766, -0.1534265, 0.3875846, 348.9221, 285.9757, 266.7918, 338.4037, 293.0932, 260.4193, -10.5184, -7.117554, -6.372498, 164.1898, -105.3713, 79.53008, 149.6342, -112.4279, 76.11404, -14.55562, 7.056564, -3.416031, 8.284291
31, 5, -0.03383082, -0.04732023, -0.9983067, 0.01638277, -0.156287, -0.9875758, 182.7138, 181.9409, 215.5622, 188.9927, 179.0496, 174.0158, 6.278839, 2.891296, -41.5464, 0.9954447, 0.0929787, 0.0210977, -0.3496222, 0.7108026, -0.6103474, 77.21555, 88.78584, 84.66382, 130.6518, 209.8051, 333.8088, 53.43627, -121.0193, 249.145, -105.4983, 93.15506, -130.8984, -58.34084, -30.75554, 159.793, 47.15743, 123.9106, 290.6914, 8.483466
32, 4, 0.0231108, -0.08713989, -0.9959279, -0.007272809, -0.1558299, -0.9877571, 185.0004, 178.6707, 165.1463, 188.9652, 180.4219, 182.6721, 3.964737, -1.75119, 17.52586, 0.9285214, 0.265303, 0.259735, 0.9766434, -0.1917955, -0.09686045, 45.60759, 74.37212, 74.05397, 243.2053, 95.66389, 101.1105, 197.5977, -21.29178, 27.05652, -139.3928, 104.2986, -91.0923, 54.24017, 84.75797, -81.56165, 193.633, 19.54059, 9.530655, 7.88484
33, 2, 0.02491654, -0.09150437, -0.995493, 0.01855046, -0.1544117, -0.9878324, 185.2518, 178.5662, 164.7677, 188.8842, 178.9242, 173.1495, 3.632431, -0.3579407, 8.381805, -0.7518722, -0.3587271, -0.5531754, -0.17303, -0.3736503, -0.9112881, 212.9629, 233.657, 244.4936, 202.2948, 190.751, 204.8479, -10.66805, 42.90596, -39.64572, 27.71107, -55.09073, 79.72589, 13.4106, -11.82683, 31.69836, -14.30048, -43.2639, -48.02753, 8.772914
34, 6, -0.008242134, -0.05530523, -0.9984356, 0.03494021, -0.1528818, -0.9876266, 183.1705, 180.473, 188.4764, 188.7994, 177.9738, 167.1265, 5.628891, 2.49913, -21.34988, 0.5647437, -0.815631, 0.1257403, -0.1950908, -0.8886668, 0.414983, 278.7639, 77.44782, 145.3012, 295.0313, 334.821, 192.3818, 16.26736, -257.3731, 47.0806, 95.59343, 103.0252, -43.17516, 106.2319, -156.8471, 25.25533, 10.63847, 259.8723, 68.43048, 8.639417
35, 0, -0.03656171, 0.02605595, -0.9989918, 0.003450801, -0.1590101, -0.9872709, 178.506, 182.096, 305.4758, 189.1495, 179.7997, 178.7568, 10.64354, 2.29628, -126.7191, 0.3728441, 0.3604062, -0.8550407, 0.4147172, 0.4523811, -0.7895321, 157.1442, 156.4402, 45.97179, 150.1884, 152.2884, 42.51282, -6.955765, 4.151794, -3.458973, -21.36176, 25.65581, -259.504, -38.96106, 27.51132, -136.244, -17.5993, -1.855515, 123.2601, 8.817979
