SubjectID, Experiment, Height, Gender, Age, LocomotionRandomOrderId, TrialArray
07PC, locima, 66", male, 21, 1, [see code]Trial, ObjectId, RealStartVectorX, RealStartVectorY, RealStartVectorZ, PerfectStartVectorX, PerfectStartVectorY, PerfectStartVectorZ, RealStartAngleX, RealStartAngleY, RealStartAngleZ, PerfectStartAngleX, PerfectStartAngleY, PerfectStartAngleZ, StartErrorX, StartErrorY, StartErrorZ, RealEndVectorX, RealEndVectorY, RealEndVectorZ, PerfectEndVectorX, PerfectEndVectorY, PerfectEndVectorZ, RealEndAngleX, RealEndAngleY, RealEndAngleZ, PerfectEndAngleX, PerfectEndAngleY, PerfectEndAngle, EndErrorX, EndErrorY, EndErrorZ, RealChangeX, RealChangeY, RealChangeZ, PerfectChangeX, PerfectChangeY, PerfectChangeZ, ChangeErrorX, ChangeErrorY, ChangeErrorZ, ElapsedTime
 
LOCOMOTION
 
IMAGINATION
0, 2, -0.01116885, 0.1193268, -0.9927923, 0.01026164, -0.1082423, -0.9940715, 173.1463, 180.6445, 354.6528, 186.2143, 179.4086, 174.5844, 13.06801, 1.235977, -180.0684, 0.9280096, 0.3674246, -0.06162352, -0.3136802, 0.7498286, -0.5825477, 99.52089, 93.7991, 68.40002, 127.8439, 208.3008, 337.2987, 28.32303, -114.5017, 268.8987, -73.62543, 86.84545, -286.2527, -58.37041, -28.89224, 162.7143, 15.25502, 115.7377, 448.967, 16.10365
1, 3, -0.06022393, 0.1430108, -0.9878873, -0.01433689, -0.100971, -0.9947861, 171.7628, 183.4886, 337.1633, 185.7957, 180.8257, 188.0814, 14.03285, 2.662872, -149.0819, 0.1109429, 0.03604018, 0.9931731, 0.9708602, -0.09143381, -0.2215185, 2.078233, 6.373829, 72.00343, 202.4288, 102.853, 95.38014, 200.3506, -96.47916, 23.37671, -169.6846, 177.1147, -265.1599, 16.63316, 77.97271, -92.70128, 186.3178, 99.14204, 172.4586, 12.682
2, 8, 0.01884, 0.05574284, -0.9982675, -0.02498123, -0.1015738, -0.9945143, 176.8039, 178.9188, 18.67426, 185.8316, 181.4389, 193.8172, 9.027679, -2.520096, 175.1429, 0.3361919, -0.1928092, -0.9218457, 0.3083718, -0.9203825, -0.2404221, 191.8134, 159.9634, 119.8347, 255.3603, 127.9418, 161.4767, 63.54691, 32.02161, 41.64204, 15.00949, 18.95543, 101.1604, 69.52872, 53.49714, -32.34048, 54.51923, -34.54171, -133.5009, 10.32874
3, 5, 0.04083777, -0.06125205, -0.9972867, -0.02001223, -0.09658989, -0.9951231, 183.5146, 177.6551, 146.308, 185.5439, 181.1521, 191.7054, 2.029327, -3.496964, 45.3974, 0.01235737, -0.06382598, 0.9978845, -0.930081, -0.07015692, 0.3605928, 356.3403, 0.70949, 169.0425, 348.9901, 291.1913, 265.6863, -7.350189, -290.4818, 96.64377, 172.8257, 176.9456, 22.73456, 163.4461, -110.0393, 73.98093, -9.379517, 286.9849, 51.24637, 9.695116
4, 1, -0.0003197495, 0.04855346, -0.9988205, -0.006120539, -0.09928162, -0.9950405, 177.217, 180.0183, 359.6227, 185.6979, 180.3524, 183.5277, 8.480911, -0.3340759, -176.095, 0.5130444, -0.02636469, -0.8579571, 0.174182, 0.03867842, -0.9839535, 181.7601, 149.1213, 92.94177, 177.7489, 169.9613, 77.48019, -4.0112, -20.84009, -15.46159, 4.543106, 30.89708, -266.6809, -7.949005, 10.39107, -106.0475, -12.49211, 20.50601, 160.6334, 7.58553
5, 7, 0.02261198, 0.01783462, -0.9995854, -0.01908173, -0.09607541, -0.9951912, 178.9778, 178.7041, 51.7363, 185.5142, 181.0984, 191.2334, 6.536377, -2.394333, 139.4971, 0.7928182, 0.1437885, 0.5922536, -0.3049543, 0.7344801, -0.6062523, 13.64635, 53.23942, 79.72037, 129.5368, 206.7031, 337.4519, 115.8905, -153.4637, 257.7315, -165.3315, 125.4647, 27.98407, -55.97737, -25.60466, 146.2185, 109.3541, 151.0694, 118.2344, 11.80479
6, 4, -0.03164275, 0.1183638, -0.992466, -0.02319251, -0.1022235, -0.994491, 173.1989, 181.8261, 345.0329, 185.8688, 181.336, 192.7829, 12.66991, 0.4901886, -152.25, -0.03189442, 0.4430265, 0.895941, 0.3907552, 0.4626243, -0.7957946, 26.31156, 357.9612, 355.8823, 149.829, 153.8478, 40.18608, 123.5174, 204.1134, -315.6962, -146.8873, -176.1351, 10.8494, -36.03979, 27.48816, -152.5968, 110.8475, -203.6232, -163.4462, 8.77347
7, 6, 0.01681114, -0.03371646, -0.9992902, -0.01904565, -0.09192906, -0.9955835, 181.9324, 179.0362, 153.499, 185.2755, 181.0959, 191.7048, 3.343094, -2.059738, 38.20581, -0.008418256, 0.677979, -0.7350332, 0.3756661, 0.4686127, -0.7995481, 137.3122, 180.6562, 359.2886, 149.6256, 154.8336, 38.71761, 12.31335, 25.82256, -320.571, -44.62024, -1.61998, 205.7896, -35.64998, 26.26231, -152.9872, 8.970261, -27.88229, -358.7768, 10.42853
8, 1, -0.0126656, -0.03320453, -0.9993684, -0.02952801, -0.0925638, -0.9952688, 181.903, 180.7261, 200.879, 185.3134, 181.6994, 197.6928, 3.410461, -0.9732819, -3.186188, -0.123886, -0.5429816, -0.8305563, -0.1004034, -0.8885417, 0.4476747, 213.1749, 188.4837, 192.8525, 296.7404, 347.359, 186.447, 83.56544, -158.8753, -6.405563, 31.27193, -7.757614, -8.026428, 111.4269, -165.6596, -11.2458, 80.15498, 157.902, -3.219376, 8.818055
9, 4, 0.0002603226, 0.0490281, -0.9987975, -0.02604812, -0.09757417, -0.9948873, 177.1898, 179.9851, 0.3042183, 185.6014, 181.4998, 194.9469, 8.411636, -1.514709, 194.6427, 0.3994604, -0.1112173, 0.9099792, -0.9483213, -0.0518594, 0.3130452, 353.0319, 23.7004, 105.5582, 350.5938, 288.2683, 266.8699, -2.438141, -264.5679, 161.3117, 175.8421, 156.2847, 105.254, 164.9923, -106.7685, 71.92293, -10.84978, 263.0532, -33.33105, 55.2623
10, 0, -0.01423198, 0.1356271, -0.990658, -0.01642197, -0.0992889, -0.9949231, 172.2043, 180.8231, 354.0096, 185.699, 180.9456, 189.3915, 13.49466, -0.1225586, -164.6181, -0.2074553, 0.3570108, 0.910772, 0.9741047, -0.1028085, -0.2013713, 21.40453, 347.1681, 329.8396, 207.0462, 101.6799, 96.02478, 185.6417, 245.4882, -233.8148, -150.7998, -166.3451, -24.17004, 21.34723, 79.26569, -93.36668, 172.147, -245.6107, -69.19664, 14.42602
11, 1, 0.0280105, -0.04133737, -0.9987527, -0.01283891, -0.09424139, -0.9954666, 182.3701, 178.3935, 145.8782, 185.4081, 180.7389, 187.7579, 3.038055, -2.345383, 41.87973, 0.4386609, -0.6959666, -0.5685133, 0.3034438, -0.9166363, -0.260192, 230.7557, 142.3465, 147.7772, 254.1531, 130.6119, 161.6834, 23.39743, 11.73457, 13.90619, 48.38564, 36.04707, 1.899017, 68.74501, 50.12703, -26.07452, 20.35938, -14.07996, -27.97354, 11.1611
12, 8, -0.04547566, 0.1560579, -0.9867005, -0.02744966, -0.1022787, -0.994377, 171.0125, 182.6388, 343.7538, 185.8726, 181.5812, 195.0231, 14.86014, 1.057571, -148.7307, -0.4117157, -0.3859653, -0.8255428, -0.1763525, -0.3569397, -0.9173297, 205.0575, 206.5064, 226.849, 201.2614, 190.8821, 206.2925, -3.796097, 15.6243, -20.55644, 34.04498, -23.86758, -116.9048, 15.38875, -9.300858, 11.26944, -18.65623, -14.56673, 128.1742, 11.11623
13, 6, 0.01022801, 0.07484441, -0.9971427, -0.05218761, -0.09641112, -0.9939725, 175.7075, 179.4123, 7.781664, 185.5401, 183.0055, 208.4268, 9.832626, -3.59317, 200.6451, -0.5621203, 0.3736579, -0.7378352, -0.1773935, -0.3623649, -0.914999, 153.1412, 217.302, 303.6132, 201.6049, 190.972, 206.0838, 48.4637, 26.33, -97.5294, -22.56625, -37.88966, 295.8315, 16.06482, -7.966492, -2.343048, 38.63107, -29.92317, -298.1745, 7.88502
14, 2, -0.01611924, 0.07768373, -0.9968479, -0.0378806, -0.09600447, -0.9946598, 175.544, 180.9264, 348.2776, 185.5131, 182.181, 201.5328, 9.969131, -1.254608, -146.7448, -0.1035285, -0.7388575, -0.6658615, -0.09402718, -0.8696011, 0.4847192, 227.9747, 188.8376, 187.9763, 299.1355, 349.0219, 186.1712, 71.16078, -160.1843, -1.805115, 52.43071, -7.911224, -160.3012, 113.6224, -166.8409, -15.36153, 61.19165, 158.9297, 144.9397, 9.062939
15, 5, -0.006537491, 0.14098, -0.9899911, -0.03319002, -0.1004838, -0.9943849, 171.8953, 180.3783, 357.345, 185.7702, 181.9117, 198.2785, 13.87495, -1.53334, -159.0665, -0.9529781, 0.2976631, 0.05682698, 0.2021459, 0.03307156, -0.9787968, 79.1917, 273.4126, 287.3462, 178.0648, 168.3311, 80.70859, 98.87313, 105.0815, -206.6376, -92.70356, -93.03423, -69.99878, -7.705383, 13.58063, -117.5699, 84.99818, -106.6149, -47.57112, 10.01679
16, 3, -0.04271596, 0.07635956, -0.996165, -0.03927058, -0.098464, -0.9943655, 175.6167, 182.4554, 330.7771, 185.6551, 182.2616, 201.7437, 10.03845, 0.1937561, -129.0334, -0.02693789, 0.2688735, 0.9627987, 0.2206808, 0.03341172, -0.9747736, 15.60305, 358.3974, 354.2787, 178.0369, 167.2437, 81.39064, 162.4338, 191.1536, -272.8881, -160.0136, -175.942, 23.50165, -7.618225, 15.01787, -120.353, 152.3954, -190.9599, -143.8547, 11.74981
17, 0, 0.02166957, 0.1176406, -0.99282, 0.003203376, -0.1065407, -0.9943032, 173.2425, 178.7496, 10.43697, 186.116, 179.8154, 178.2778, 12.8735, -1.065765, 167.8408, -0.0176973, 0.6889747, -0.7245693, -0.2772335, 0.7546183, -0.5947207, 136.4425, 181.3991, 358.5286, 128.2419, 204.9929, 339.8275, -8.200546, -23.59378, -18.70105, -36.79999, -2.64949, 348.0916, -57.87404, -25.17751, 161.5497, -21.07405, 22.52802, -186.5419, 7.007614
 
LOCOMOTION
0, 5, -0.01406066, 0.1397237, -0.9900906, -0.004265106, -0.1107439, -0.9938398, 171.9673, 180.8136, 354.2536, 186.3583, 180.2459, 182.2056, 14.39093, 0.5677338, -172.048, 0.1676994, 0.3588555, -0.9182047, 0.1854544, 0.03052259, -0.9821787, 158.6533, 169.6497, 25.0475, 178.22, 169.3073, 80.65389, 19.56673, 0.3423462, 55.60639, -13.31403, 11.16394, -329.2061, -8.138229, 10.93855, -101.5517, 5.175797, 0.2253876, 227.6544, 7.940444
1, 2, 0.02772909, 0.1297346, -0.9911609, 0.01110615, -0.1094305, -0.9939324, 172.5429, 178.3975, 12.06469, 186.2829, 179.3598, 174.2049, 13.74002, -0.962326, 162.1402, 0.390239, -0.6747815, -0.6264052, 0.3157124, -0.9220945, -0.2237577, 227.1292, 148.0779, 149.9584, 256.3601, 125.3267, 161.0995, 29.23093, 22.75116, 11.14111, 54.58632, 30.31964, 137.8937, 70.07722, 54.03313, -13.10536, 15.49091, -23.71349, -150.9991, 8.761772
2, 7, -0.003009011, 0.1253601, -0.9921068, -0.01857394, -0.1076665, -0.9940136, 172.7984, 180.1738, 358.625, 186.1819, 181.0705, 189.7879, 13.38347, -0.8967285, -168.8371, -0.4458164, 0.6014404, -0.6629612, -0.2995527, 0.7626004, -0.5733314, 137.7856, 213.9193, 323.4524, 126.9363, 207.586, 338.5549, -10.84934, 6.333298, 15.10251, -35.01282, -33.74557, -35.17261, -59.24563, -26.51555, 148.767, -24.23281, -7.230026, 183.9396, 7.875525
3, 1, -8.574754E-05, 0.05838108, -0.9982945, -0.03093991, -0.1030643, -0.9941934, 176.6531, 180.0049, 359.9158, 185.9185, 181.7825, 196.7098, 9.265381, -1.777573, -163.2061, 0.296067, 0.2054128, -0.9328184, 0.1844408, 0.03678428, -0.982155, 167.5813, 162.3911, 55.24689, 177.8551, 169.3642, 78.7211, 10.27383, -6.973083, 23.47421, -9.071823, 17.61383, -304.6689, -8.06337, 12.41832, -117.9887, 1.008453, 5.195511, 186.6803, 8.084434
4, 3, -0.02449523, 0.03272045, -0.9991644, -0.01077852, -0.1010427, -0.9948237, 178.1244, 181.4044, 323.1807, 185.7996, 180.6207, 186.0889, 7.675201, 0.7836151, -137.0918, 0.9948449, 0.04322178, 0.09173602, 0.9877346, -0.1021746, -0.1180712, 25.22765, 84.73158, 87.51231, 220.8717, 96.81664, 95.90586, 195.6441, -12.08507, 8.393555, -152.8967, 96.67278, -235.6684, 35.07219, 83.8041, -90.18301, 187.9689, 12.86868, 145.4854, 9.772562
5, 0, 0.0009442121, 0.04683447, -0.9989023, -0.01382939, -0.09866984, -0.9950241, 177.3156, 179.9458, 1.154962, 185.6631, 180.7963, 187.9785, 8.347504, -0.8504181, 186.8235, -0.3414836, 0.5846863, -0.7358879, -0.2829257, 0.7440562, -0.6052548, 141.5318, 204.8933, 329.7131, 129.1267, 205.0537, 339.1808, -12.40501, -0.1603546, 9.467712, -35.78386, -24.94748, 328.5581, -56.53638, -24.25742, 151.2023, -20.75252, -0.6900635, -177.3558, 7.01907
6, 8, -0.01788234, 0.01451862, -0.9997346, -0.003408074, -0.09829593, -0.9951514, 179.168, 181.0247, 309.073, 185.6411, 180.1962, 181.9857, 6.473099, 0.8285217, -127.0873, 0.3999412, -0.5813024, -0.7086148, 0.3093075, -0.9185768, -0.2460603, 219.3633, 150.5597, 145.4717, 255.0042, 128.5029, 161.3904, 35.6409, 22.05673, 15.91867, 40.19528, 30.46506, -163.6013, 69.36308, 51.69327, -20.59538, 29.1678, -21.22821, 143.006, 6.807867
7, 2, -0.03354844, 0.1538529, -0.9875242, -0.01880265, -0.1036608, -0.994435, 171.1447, 181.9457, 347.6989, 185.9511, 181.0832, 190.2809, 14.80635, 0.8625183, -157.418, -0.3183746, 0.4377024, -0.8408654, -0.2792751, 0.763739, -0.5819863, 152.5013, 200.738, 323.9687, 127.3082, 205.6348, 339.9141, -25.1931, -4.896713, 15.9454, -18.6434, -18.79231, -23.73019, -58.64285, -24.55154, 149.6332, -39.99945, 5.759232, 173.3634, 8.18418
8, 7, -0.03400995, 0.0480042, -0.9982679, -0.01338926, -0.09881929, -0.9950153, 177.2469, 181.9512, 324.6833, 185.6717, 180.771, 187.7162, 8.424789, 1.180298, -136.9671, 0.1201131, 0.1386449, -0.9830313, 0.1858256, 0.0368422, -0.9818918, 171.9721, 173.0338, 40.90358, 177.8512, 169.2834, 78.78584, 5.87912, 3.750397, 37.88226, -5.274841, 8.91748, -283.7797, -7.820511, 11.48758, -108.9303, -2.54567, -2.570099, 174.8494, 7.517353
9, 1, 0.01650011, 0.007183089, -0.999838, -0.03505876, -0.1004182, -0.9943275, 179.5884, 179.0546, 66.47478, 185.7668, 182.0193, 199.2455, 6.178421, -2.964783, 132.7707, 0.6075956, 0.4962557, 0.6201272, 0.4634922, 0.6973627, 0.5466813, 38.66848, 44.4152, 50.75965, 51.90615, 40.29224, 33.60943, 13.23767, 4.122955, -17.15022, -140.9199, 134.6394, -15.71512, -133.8606, 141.7271, -165.6361, 7.05925, -7.087738, -149.9209, 7.873821
10, 4, -0.007915238, -0.3699468, -0.9290193, -0.05182277, -0.07749192, -0.9956452, 201.7131, 180.4881, 181.2257, 184.4504, 182.9795, 213.7727, -17.26265, -2.491379, 32.54698, 0.1944544, 0.392994, -0.8987454, 0.3882038, 0.4954183, -0.7770834, 156.3817, 167.7915, 26.32632, 147.481, 153.4549, 38.08182, -8.900665, 14.33667, 11.75549, -45.33136, 12.69659, -154.8994, -36.96938, 29.52464, -175.6908, 8.361984, -16.82805, -20.79149, 9.1512
11, 3, -0.01099339, 0.04370543, -0.9989841, -0.02657557, -0.1028992, -0.9943367, 177.4949, 180.6305, 345.8811, 185.9082, 181.531, 194.4812, 8.413315, -0.9004822, -151.3999, 0.486105, 0.4139375, 0.7696478, 0.4385992, 0.7363209, 0.5152304, 28.27257, 32.27626, 49.5843, 55.01813, 40.4067, 30.7807, 26.74555, -8.130432, -18.80359, -149.2224, 148.3542, -296.2968, -130.8901, 141.1243, -163.7005, 18.33224, 7.22995, 132.5963, 7.075084
12, 5, 0.005080526, 0.05391829, -0.9985326, -0.02887203, -0.1052775, -0.9940237, 176.9092, 179.7085, 5.382882, 186.0457, 181.6637, 195.3361, 9.13652, -1.955231, 189.9532, 0.2838332, -0.6552619, -0.7000505, 0.3089023, -0.9219908, -0.2334791, 223.1073, 157.9301, 156.5797, 255.7895, 127.0833, 161.4772, 32.68227, 30.84682, 4.897507, 46.19809, 21.77841, 151.1968, 69.74384, 54.58046, -33.85896, 23.54575, -32.80205, -185.0557, 8.295271
13, 7, 0.01915351, 0.1481821, -0.9887747, -0.006981767, -0.104709, -0.9944784, 171.4768, 178.8903, 7.36502, 186.0105, 180.4022, 183.8147, 14.53371, -1.511978, 176.4497, 0.975404, 0.1873017, 0.1162108, 0.9786634, -0.1087457, -0.1743338, 58.18258, 83.20573, 79.1301, 211.955, 100.1004, 96.3405, 153.7725, -16.89468, 17.2104, -113.2943, 95.68452, 71.76508, 25.94449, 80.30183, -87.47421, 139.2387, 15.3827, -159.2393, 7.029027
14, 3, -0.07853611, 0.07644393, -0.9939763, -0.04166237, -0.100937, -0.9940201, 175.6022, 184.5177, 314.2266, 185.7982, 182.4, 202.4287, 10.19598, 2.117645, -111.7979, 0.322357, 0.3699335, -0.8713412, 0.3856583, 0.494227, -0.7791069, 156.996, 159.6978, 41.06862, 147.611, 153.6646, 37.96585, -9.385056, 6.033234, -3.102772, -18.60617, 24.81987, -273.1579, -38.18721, 28.73546, -164.4628, -19.58104, -3.915588, 108.6951, 7.717762
15, 0, -0.02712201, 0.09017681, -0.9955563, -0.01143395, -0.1006994, -0.9948512, 174.8243, 181.5605, 343.2606, 185.7798, 180.6585, 186.4779, 10.95551, 0.9020538, -156.7826, 0.983585, 0.1095275, 0.143402, 0.9802554, -0.09837433, -0.171528, 37.37186, 81.705, 83.64598, 209.835, 99.9253, 95.73078, 172.4632, -18.2203, 12.0848, -137.4525, 99.85553, -259.6146, 24.05522, 80.73318, -90.74714, 161.5077, 19.12235, 168.8674, 7.273485
16, 1, -0.01882388, 0.07358348, -0.9971116, -0.04868266, -0.0995656, -0.9938394, 175.7794, 181.0815, 345.6505, 185.721, 182.8044, 206.0564, 9.941544, -1.722824, -139.5942, -0.4767428, -0.7646505, 0.4336195, -0.06929355, -0.9129694, 0.4021011, 299.5568, 312.288, 211.9426, 293.7702, 350.2223, 184.3404, -5.78656, -37.93436, -27.60225, 123.7774, -131.2064, -133.7079, 108.0493, -167.418, -21.71597, -15.7281, 36.21153, 111.9919, 7.518398
17, 5, -0.04908494, 0.05920386, -0.9970385, -0.04212114, -0.09650975, -0.9944404, 176.6018, 182.8184, 320.3384, 185.5432, 182.4254, 203.5786, 8.941376, 0.3930359, -116.7599, 0.9968702, 0.07825296, -0.01123969, -0.9094343, -0.07338038, 0.4093221, 98.17365, 90.64598, 85.51157, 349.8364, 294.2318, 265.3869, 251.6627, -203.5858, 179.8753, -78.42812, 92.17245, -234.8269, 164.2932, -111.8064, 61.80832, 242.7213, 203.9788, 296.6352, 6.47432
 
IMAGINATION
18, 4, -0.03897805, 0.1224892, -0.9917042, -0.01438238, -0.1038347, -0.9944906, 172.9588, 182.2508, 342.3481, 185.9606, 180.8286, 187.886, 13.0018, 1.422241, -154.4621, 0.5183959, 0.08532298, 0.8508735, -0.1797012, -0.3541841, -0.9177479, 5.726302, 31.35192, 80.65347, 201.103, 191.0787, 206.9017, 195.3767, -159.7268, 126.2483, -167.2325, 150.8989, -261.6946, 15.14232, -10.25017, 19.01573, 182.3749, 161.149, 280.7103, 9.007088
19, 6, -0.04666553, 0.1105498, -0.9927744, -0.01856542, -0.09736039, -0.995076, 173.646, 182.6912, 337.1143, 185.5882, 181.0689, 190.796, 11.94211, 1.622345, -146.3183, -0.01828907, 0.9008465, 0.4337523, 0.4644506, 0.7152344, 0.5222312, 64.28946, 357.5856, 358.8369, 53.86481, 41.64856, 32.99842, -10.42465, 315.937, -325.8385, -109.3566, -174.8944, 21.72263, -131.7233, 139.4203, -157.7975, -22.36676, -314.3147, -179.5202, 9.384193
20, 8, -0.03263212, 0.07865589, -0.9963679, -0.02422728, -0.0971201, -0.9949778, 175.4863, 181.8758, 337.4678, 185.575, 181.3949, 194.0069, 10.0887, 0.4809723, -143.4609, -0.04020768, -0.1574473, 0.9867085, 0.4987843, 0.7752823, 0.3874941, 350.9338, 357.6665, 194.3256, 63.44364, 52.15718, 32.75554, -287.4902, 305.5093, -161.57, 175.4475, -175.7907, -143.1422, -122.1314, 129.2377, -161.2514, -297.5789, -305.0284, -18.10918, 10.06149
21, 3, -0.04728128, 0.07919992, -0.9957368, -0.02238136, -0.09481655, -0.9952431, 175.4523, 182.7186, 329.1634, 185.4421, 181.2883, 193.2815, 9.989792, 1.430298, -135.8819, -0.484907, 0.8078744, -0.3349692, 0.4615933, 0.7645494, 0.4498842, 112.5204, 235.3636, 329.0267, 59.52615, 45.736, 31.12129, -52.99422, 189.6277, -297.9055, -62.93196, -52.64508, -0.1366272, -125.916, 135.5523, -162.1602, -62.98402, -188.1974, -162.0236, 9.295638
22, 7, -0.04514196, 0.1755205, -0.9834403, -0.04431392, -0.1003003, -0.9939699, 169.8806, 182.6282, 345.5768, 185.7621, 182.5527, 203.8364, 15.88152, 0.07545471, -141.7403, 0.8923803, -0.4508781, 0.01914064, 0.9679636, -0.05727337, -0.2444716, 272.4308, 88.77126, 116.8054, 193.1851, 104.1744, 93.38618, -79.24573, -15.40311, -23.41917, 102.5502, 93.8569, -228.7714, 7.422974, 78.37834, -110.4503, -95.12724, 15.47856, 118.3211, 10.76038
23, 2, -0.06165121, 0.09361111, -0.9936983, -0.04795183, -0.09443637, -0.9943753, 174.6183, 183.5502, 326.6316, 185.4251, 182.7608, 206.92, 10.80679, 0.7893677, -119.7115, 0.4666136, -0.6867929, 0.5573035, 0.2873352, -0.9041756, -0.3160774, 309.0579, 39.93843, 145.8074, 250.7316, 137.7271, 162.3704, -58.32623, -97.78867, 16.56297, 134.4395, 143.6118, -180.8241, 65.30649, 45.03374, -44.54962, -69.13303, 98.57803, 136.2745, 10.87284
24, 8, -0.01697661, 0.1689525, -0.985478, -0.05187003, -0.1023745, -0.9933926, 170.2717, 180.9869, 354.2621, 185.8839, 182.989, 206.8699, 15.61223, -2.00206, -147.3921, -0.375167, -0.3158727, 0.8714781, -0.9781434, -0.03892842, 0.2042548, 340.0766, 336.7084, 229.9042, 349.2095, 281.795, 267.7209, 9.132904, 54.91342, 37.81671, 169.805, -155.7215, -124.3579, 163.3257, -98.80597, 60.85097, -6.479324, -56.91548, 185.2088, 9.006684
25, 1, -0.03853655, 0.1031484, -0.9939193, -0.05201948, -0.09967409, -0.9936594, 174.0751, 182.2204, 339.5142, 185.7282, 182.9968, 207.5599, 11.65309, -0.7763977, -131.9543, 0.4672418, -0.345049, 0.8140186, 0.4443246, 0.8193687, 0.36223, 337.0287, 29.85557, 126.4452, 66.15054, 50.8118, 28.46995, -270.8782, -20.95623, -97.9752, 162.9536, 152.3648, -213.069, -119.5776, 132.185, -179.0899, -282.5313, 20.17984, 33.9791, 10.45031
26, 5, -0.007531312, 0.178961, -0.9838274, -0.05281709, -0.09777911, -0.9938056, 169.6905, 180.4386, 357.5902, 185.6192, 183.0422, 208.3765, 15.9287, -2.603607, -149.2137, -0.6518179, -0.751471, -0.102101, 0.3447377, -0.893084, -0.2890619, 262.2627, 261.0975, 220.938, 252.0649, 129.9798, 158.893, -10.19775, 131.1177, -62.04501, 92.57224, -80.65891, -136.6522, 66.44579, 53.06244, -49.48346, -26.12645, -133.7213, 87.16873, 9.273223
27, 7, 0.01242267, 0.1381336, -0.9903358, -0.002854683, -0.09636401, -0.9953421, 172.0595, 179.2813, 5.138919, 185.5298, 180.1643, 181.6968, 13.47032, -0.8829956, 176.5579, 0.2365243, -0.8210111, -0.5196124, 0.1868259, 0.07455961, -0.9795595, 237.6706, 155.5253, 163.9289, 175.6473, 169.202, 68.24375, -62.02325, -13.67671, -95.68513, 65.61104, 23.75606, 158.79, -9.882538, 10.96234, -113.4531, -75.49358, 12.79372, -272.243, 11.07251
28, 3, 0.0087574, 0.1141804, -0.9934216, -0.0196294, -0.09787231, -0.9950054, 173.4434, 179.4949, 4.38588, 185.6177, 181.1302, 191.3409, 12.17435, -1.635254, 186.955, -0.3525306, 0.6726888, 0.6505474, 0.3955447, 0.461013, -0.7943623, 45.95863, 331.5468, 332.3427, 149.871, 153.5295, 40.62928, 103.9124, 178.0173, -291.7134, -127.4848, -152.0519, 327.9568, -35.74673, 27.60072, -150.7116, 91.73802, -179.6526, -478.6684, 12.50506
29, 0, -0.06631136, 0.08103041, -0.9945034, -0.03239813, -0.09517132, -0.9949335, 175.3419, 183.8147, 320.7048, 185.4641, 181.8651, 198.7996, 10.12213, 1.949646, -121.9052, 0.03508918, 0.4261103, 0.9039904, -0.05919452, -0.939795, 0.3365729, 25.23759, 2.22287, 4.70755, 289.7042, 350.0251, 183.6041, 264.4666, -347.8023, 178.8966, -150.1043, 181.5918, -315.9972, 104.2401, -168.1601, -15.19545, 254.3445, 349.7519, 300.8018, 16.09173
30, 7, 0.01064914, 0.09764364, -0.9951646, -0.006911746, -0.09857346, -0.9951057, 174.3962, 179.3869, 6.224152, 185.6572, 180.3979, 184.0109, 11.26097, -1.011032, 177.7867, -0.4165452, -0.4126793, 0.810053, -0.9270363, -0.0187434, 0.3745026, 333.0035, 332.7869, 225.2671, 357.1348, 291.9976, 268.8417, 24.13126, 40.78925, 43.57458, 158.6073, -153.3999, 219.043, 171.4776, -111.5997, 84.83083, 12.87029, -41.80028, -134.2121, 16.03694
31, 5, -0.1028165, 0.01796496, -0.9945384, -0.05179612, -0.09664168, -0.9939706, 178.9651, 185.9023, 279.9111, 185.5533, 182.983, 208.1895, 6.58815, 2.919327, -71.72159, -0.7298933, 0.5900238, 0.3451486, -0.2780831, 0.743579, -0.608079, 59.67347, 295.3083, 308.951, 129.2754, 204.5753, 339.4952, 69.60191, 90.73303, 30.54422, -119.2917, -109.406, 29.03989, -56.27791, -21.59229, 131.3057, 63.01376, -87.81371, 102.2658, 8.573158
32, 4, 0.01584747, -0.003314944, -0.999869, -0.02399542, -0.09399913, -0.9952831, 180.19, 179.092, 101.8147, 185.3953, 181.3811, 194.3202, 5.205307, -2.289124, 92.50555, -0.5021136, -0.6051, -0.6178478, 0.9961016, -0.03104321, -0.0825712, 224.4028, 219.1001, 219.686, 200.6041, 94.73866, 91.78503, -23.79869, 124.3615, -127.9009, 44.21283, -40.00816, 117.8713, 15.20883, 86.64243, -102.5352, -29.004, -126.6506, -220.4065, 12.659
33, 2, 0.002852411, 0.05315729, -0.9985821, -0.01987341, -0.0986635, -0.9949224, 176.9529, 179.8363, 3.071537, 185.6633, 181.1443, 191.3885, 8.71048, -1.307968, 188.317, 0.9387638, -0.3210734, -0.1250385, -0.2060803, -0.3485325, -0.914361, 248.7221, 97.58685, 108.8816, 200.8656, 192.7012, 210.595, -47.85648, -95.11434, 101.7134, 71.76926, 82.2495, 105.81, 15.2023, -11.55687, 19.2065, -56.56696, 93.80637, -86.60354, 13.30395
34, 6, -0.05426311, 0.0616039, -0.9966246, -0.04554919, -0.1045389, -0.9934772, 176.4629, 183.1165, 318.6252, 186.0069, 182.6251, 203.5435, 9.543961, 0.4914398, -115.0817, -0.3856038, -0.4962029, 0.7778769, -0.0578729, -0.9249327, 0.3756997, 327.4664, 333.6318, 217.8511, 292.1066, 351.243, 183.5803, -35.35986, -17.61121, -34.27078, 151.0035, -150.5153, -100.774, 106.0997, -168.6179, -19.96317, -44.90382, 18.10265, 80.81088, 15.55976
35, 0, -0.02479921, 0.09202687, -0.9954477, -0.01773812, -0.0988085, -0.9949484, 174.7182, 181.4271, 344.9183, 185.6714, 181.0214, 190.1773, 10.95329, 0.4057312, -154.741, 0.588986, 0.759799, -0.2753198, 0.3826514, 0.4632503, -0.7993604, 109.9184, 115.0536, 37.78236, 149.9066, 154.4197, 39.5572, 39.98816, -39.3661, 1.774834, -64.79973, 66.37348, -307.1359, -35.76486, 26.60165, -150.6201, 29.03487, 39.77183, 156.5158, 11.02752
 
LOCOMOTION
18, 8, -0.00407098, 0.07460058, -0.9972053, -0.02208913, -0.09685617, -0.9950532, 175.7217, 180.2339, 356.8764, 185.5595, 181.2717, 192.8472, 9.83783, -1.037796, -164.0292, -0.3832991, -0.2493871, 0.8893188, -0.9314013, -0.04360422, 0.3613727, 344.3352, 336.6838, 236.9507, 353.1198, 291.2057, 267.3196, 8.784637, 45.47815, 30.36896, 168.6135, -156.4499, -119.9258, 167.5603, -109.934, 74.4724, -1.053192, -46.51595, 194.3982, 8.584431
19, 0, 0.005225502, 0.09351061, -0.9956045, -0.005102917, -0.09708989, -0.9952626, 174.6343, 179.6993, 3.198441, 185.5717, 180.2938, 183.0086, 10.93736, -0.5944672, 179.8102, -0.2537936, -0.7987388, 0.545532, -0.04853246, -0.933048, 0.3564631, 304.3328, 335.0511, 197.6273, 290.9089, 352.2469, 182.9776, -13.42383, -17.19574, -14.64972, 129.6984, -155.3518, 194.4288, 105.3372, -171.9531, -0.03106689, -24.36119, 16.60127, -194.4599, 7.362494
20, 4, -0.0007266564, 0.1210152, -0.9926504, 0.01297596, -0.1003257, -0.9948701, 173.0493, 180.0419, 359.656, 185.7584, 179.2527, 172.6304, 12.70912, 0.7891998, -187.0256, -0.5177234, -0.1990354, 0.8320742, -0.897336, -0.05153918, 0.4383285, 346.5474, 328.1098, 248.9711, 353.2939, 296.0345, 266.7128, 6.74649, 32.07529, 17.7417, 173.4981, -148.0678, -110.6849, 167.5355, -116.7817, 94.0824, -5.962631, -31.28609, 204.7673, 9.184753
21, 2, 0.02075542, 0.02359894, -0.9995061, 0.008349998, -0.09843417, -0.9951085, 178.6475, 178.8104, 41.33184, 185.6492, 179.5192, 175.1513, 7.00174, -0.708847, 133.8195, -0.2838553, -0.8150966, 0.5050185, -0.02948519, -0.933659, 0.3569476, 301.7816, 330.661, 199.2005, 290.9224, 355.2779, 181.8088, -10.85919, -24.61685, -17.39172, 123.1341, -151.8506, 157.8687, 105.2732, -175.7586, 6.657516, -17.86093, 23.908, -151.2112, 7.229689
22, 1, 0.0427731, 0.03819064, -0.9983546, 0.0353727, -0.09747379, -0.9946093, 177.8093, 177.5467, 48.23942, 185.5972, 177.9632, 160.0544, 7.787918, -0.4164276, 111.815, 0.3452987, -0.7734513, -0.5315471, 0.3189, -0.9162207, -0.2425746, 235.5016, 146.9918, 155.9422, 255.1709, 127.2588, 160.809, 19.6693, 19.73302, 4.866867, 57.69225, 30.55492, 107.7027, 69.57362, 50.70436, 0.7545776, 11.88138, -20.14944, -106.9482, 8.640639
23, 2, -0.001991114, 0.1630561, -0.9866147, -0.004316585, -0.1021627, -0.9947584, 170.6157, 180.1156, 359.3004, 185.8638, 180.2486, 182.4194, 15.24812, -0.1329956, -176.881, -0.1843785, -0.2928945, -0.9381992, -0.1754402, -0.3679329, -0.9131518, 197.3377, 191.1183, 212.1906, 201.9458, 190.8755, 205.493, 4.608063, 0.2428131, -6.697571, 26.72208, -11.00267, -147.1098, 16.08202, -10.62686, 23.07362, -10.64006, -0.3758087, 170.1834, 9.251921
24, 6, -0.0332523, 0.04021616, -0.9986377, -0.008739994, -0.09962179, -0.994987, 177.6939, 181.9071, 320.4147, 185.7176, 180.5033, 185.0138, 8.023712, 1.403839, -135.4009, 0.7234569, 0.6147938, 0.3140679, 0.4533511, 0.7370179, 0.5012757, 62.93974, 66.53332, 49.64211, 55.77879, 42.12602, 31.59631, -7.16095, 24.4073, -18.0458, -114.7542, 115.3738, -270.7726, -129.9388, 138.3772, -153.4175, -15.18466, -23.00346, 117.3551, 7.629861
25, 4, -0.03597811, 0.1129379, -0.9929504, -0.03716863, -0.09969525, -0.9943236, 173.5111, 182.0751, 342.3299, 185.7256, 182.1408, 200.4466, 12.21451, -0.06564331, -141.8833, 0.9886474, -0.1488821, -0.02026574, 0.9782226, -0.08961815, -0.1872141, 262.2486, 91.17431, 98.56392, 205.5801, 100.8344, 95.23444, -56.66844, -9.660057, -3.329475, 88.73749, 90.90081, -243.766, 19.85454, 81.3064, -105.2122, -68.88295, 9.594414, 138.5539, 7.463295
26, 6, -0.03543385, -0.01106609, -0.9993108, -0.0509828, -0.09361991, -0.9943018, 180.6344, 182.0308, 252.6563, 185.3789, 182.9353, 208.5715, 4.744461, -0.9045105, -44.08476, -0.2919507, 0.005353412, -0.9564185, -0.1808987, -0.3678052, -0.9121376, 179.6793, 196.975, 271.0505, 201.961, 191.2176, 206.1895, 22.28168, 5.757462, -64.86099, -0.9551392, -14.94426, 18.39423, 16.58208, -8.282288, -2.382004, 17.53722, -6.661972, -20.77623, 8.050845
27, 5, 0.02070794, 0.04329937, -0.9988476, -0.03385522, -0.09817546, -0.9945931, 177.5178, 178.8123, 25.55947, 185.6374, 181.9496, 199.0264, 8.119537, -3.137238, 173.467, -0.3393938, 0.8198954, -0.461068, -0.3175883, 0.7405843, -0.5921761, 119.3512, 216.3569, 337.513, 128.6461, 208.205, 336.7887, 9.294853, 8.151947, -0.7243347, -58.1666, -37.5446, 311.9535, -56.99129, -26.25542, 137.7622, 1.175316, -11.28918, -174.1913, 9.173711
28, 0, -0.07171898, 0.03457803, -0.9968254, -0.06245831, -0.1008616, -0.992938, 178.0133, 184.1152, 295.7402, 185.8002, 183.5993, 211.7678, 7.78685, 0.5158844, -83.97244, 0.3724529, 0.4911866, -0.7874101, 0.3806368, 0.4843345, -0.7877408, 148.0441, 154.6854, 37.17201, 148.4151, 154.2101, 38.16368, 0.371048, 0.475235, 0.9916687, -29.96922, 29.42981, -258.5682, -37.38503, 29.38916, -173.6041, -7.415802, 0.04064941, 84.9641, 8.583666
29, 6, -0.03882245, 0.05955499, -0.9974698, -0.04256441, -0.1011237, -0.9939629, 176.5831, 182.2289, 326.9006, 185.8092, 182.4521, 202.8269, 9.226013, -0.2231903, -124.0737, 0.3257392, 0.5489222, -0.7697912, 0.3814447, 0.4909268, -0.7832565, 144.5081, 157.0642, 30.68557, 147.9215, 154.034, 37.84682, 3.413361, 3.030228, 7.161245, -32.07503, 25.16466, -296.2151, -37.88768, 28.41808, -164.9801, -5.812653, -3.253418, 131.235, 8.762053
30, 8, 0.01986128, 0.1681074, -0.9855688, -0.03723831, -0.1077215, -0.9934834, 170.3203, 178.8455, 6.738053, 186.1883, 182.1466, 199.0698, 15.86801, -3.301071, 192.3317, 0.5911891, 0.6387451, 0.4924428, 0.4090419, 0.7365068, 0.5387416, 52.36945, 50.20671, 42.78574, 53.8152, 37.20774, 29.04696, 1.445751, 12.99897, -13.73877, -117.9508, 128.6388, 36.04768, -132.3731, 144.9388, -170.0228, -14.42226, -16.30003, -206.0705, 9.505933
31, 4, -0.03616072, 0.08723775, -0.9955311, -0.05349625, -0.1046233, -0.9930721, 174.992, 182.0802, 337.4856, 186.0141, 183.0835, 207.0817, 11.02211, -1.003281, -130.4039, -0.3102528, -0.2715565, -0.9110436, -0.1930898, -0.3658504, -0.9104229, 196.5978, 198.8061, 228.8051, 201.8926, 191.9743, 207.8244, 5.294739, 6.831787, -20.98079, 21.60582, -16.72588, -108.6805, 15.87845, -8.890808, 0.7426758, -5.727371, -7.835068, 109.4232, 9.117785
32, 3, -0.01428594, 0.1261004, -0.9919146, -0.0266942, -0.1095577, -0.9936219, 172.755, 180.8251, 353.5365, 186.2921, 181.5389, 193.6935, 13.53711, -0.7137756, -159.843, 0.1965241, 0.2977729, -0.9341894, 0.1824328, 0.03440133, -0.9826163, 162.3203, 168.12, 33.42401, 177.9949, 169.4822, 79.32114, 15.67456, -1.362213, 45.89713, -10.43463, 12.70514, -320.1125, -8.29718, 12.0567, -114.3724, 2.137451, 0.6484375, 205.7401, 8.251401
33, 8, -0.02407767, 0.06915114, -0.9973157, -0.02796265, -0.0977917, -0.994814, 176.0336, 181.383, 340.8024, 185.6142, 181.6101, 195.9574, 9.580597, -0.2270813, -144.845, -0.2895482, -0.3736732, -0.8812095, -0.179305, -0.3582684, -0.9162388, 202.9792, 198.1895, 217.771, 201.3565, 191.0727, 206.5869, -1.622635, 7.116852, -11.18416, 26.94556, -16.80652, -123.0314, 15.74232, -9.462585, 10.62949, -11.20323, -7.343933, 133.6609, 8.107522
34, 7, 0.002884581, 0.06454594, -0.9979105, -0.03344225, -0.09771287, -0.9946526, 176.2992, 179.8344, 2.558866, 185.6106, 181.9257, 198.8935, 9.311417, -2.091293, 196.3347, -0.5039937, -0.05552955, 0.8619204, -0.8852834, -0.05753335, 0.4614795, 356.3138, 329.6837, 263.7126, 352.8935, 297.5321, 266.2816, -3.420258, 32.15167, 2.569092, 180.0146, -149.8494, 261.1537, 167.2829, -115.6064, 67.38812, -12.73167, -34.24297, -193.7656, 8.57317
35, 6, -0.02725228, 0.01860041, -0.9994557, -0.03184221, -0.1004653, -0.9944309, 178.9338, 181.5619, 304.3146, 185.7689, 181.834, 197.5859, 6.835083, -0.27211, -106.7287, -0.2388916, -0.7962436, 0.5558119, -0.04844904, -0.9187754, 0.3917966, 304.9167, 336.7416, 196.7005, 293.095, 352.9507, 183.0185, -11.82166, -16.20901, -13.68192, 125.9829, -155.1797, -107.6141, 107.3261, -171.1166, -14.56734, -18.65674, 15.9369, 93.04678, 8.184566
