SubjectID, Experiment, Height, Gender, Age, RandomOrderId, TrialArray
05JH, full, 66", male, 17, 3, [3,5,4,0,2,6,1,8,7,3,0,4,8,6,1,7,5,2,8,1,2,0,5,3,6,7,4]
Trial, ObjectId, RealStartVectorX, RealStartVectorY, RealStartVectorZ, PerfectStartVectorX, PerfectStartVectorY, PerfectStartVectorZ, RealStartAngleX, RealStartAngleY, RealStartAngleZ, PerfectStartAngleX, PerfectStartAngleY, PerfectStartAngleZ, StartErrorX, StartErrorY, StartErrorZ, RealEndVectorX, RealEndVectorY, RealEndVectorZ, PerfectEndVectorX, PerfectEndVectorY, PerfectEndVectorZ, RealEndAngleX, RealEndAngleY, RealEndAngleZ, PerfectEndAngleX, PerfectEndAngleY, PerfectEndAngle, EndErrorX, EndErrorY, EndErrorZ, RealChangeX, RealChangeY, RealChangeZ, PerfectChangeX, PerfectChangeY, PerfectChangeZ, ChangeErrorX, ChangeErrorY, ChangeErrorZ, ElapsedTime
0, 3, -0.08034308, 0.03708852, -0.9960774, 0.001475218, -0.09433086, -0.9955398, 177.8676, 184.6115, 294.7793, 185.4128, 179.9151, 179.104, 7.545197, 4.696365, -115.6753, -0.09231026, -0.823087, 0.560363, -0.09280606, -0.9582533, 0.2704398, 304.2473, 350.6455, 186.399, 285.7602, 341.0594, 185.5318, -18.48706, 9.58606, -0.8672638, 126.3797, -166.034, -108.3802, 100.3474, -161.1443, 6.42775, -26.03226, -4.889694, 114.808, 3.252117
1, 5, -0.05401802, 0.07289385, -0.9958757, -0.004729368, -0.09689952, -0.9952829, 175.8137, 183.1048, 323.4597, 185.5607, 180.2723, 182.7942, 9.74707, 2.83252, -140.6655, 0.9947641, 0.05188201, -0.08804937, 0.9676127, -0.09902206, -0.2322075, 149.4918, 95.05823, 87.01444, 203.0952, 103.4946, 95.84311, 53.60344, -8.436417, 8.828667, -26.32185, 88.04655, -236.4453, 17.53452, 76.77762, -86.9511, 43.85637, 11.26894, 149.4942, 2.942533
2, 4, -0.3041626, -0.07218917, -0.9498812, -0.008445974, -0.09015224, -0.9958922, 184.346, 197.7556, 256.6486, 185.1725, 180.4859, 185.3522, 0.8265381, 17.26974, -71.29642, 0.5079037, 0.712323, 0.4843861, 0.4398184, 0.7575026, 0.4824413, 55.78395, 46.35768, 35.4898, 57.50759, 42.35392, 30.14016, 1.723644, 4.003761, -5.349644, -128.5621, 151.398, -221.1588, -127.665, 138.132, -155.212, 0.8971024, 13.26598, 65.94676, 3.131748
3, 0, -0.1022712, -0.03366622, -0.9941866, -0.02622561, -0.08900711, -0.9956856, 181.9395, 185.8733, 251.7792, 185.1082, 181.5088, 196.4174, 3.168777, 4.364517, -55.3618, -0.3220358, -0.08891536, -0.942543, -0.1763785, -0.3558351, -0.9177538, 185.3891, 198.8636, 254.565, 201.1925, 190.8788, 206.3665, 15.80342, 7.984848, -48.19849, 3.449615, -12.9903, 2.785751, 16.08426, -9.369965, 9.949066, 12.63464, -3.620331, 7.163315, 3.110545
4, 2, -0.0649317, 0.05070637, -0.9966006, -0.0258106, -0.09576978, -0.9950688, 177.0873, 183.7277, 307.9869, 185.4975, 181.4858, 195.0832, 8.410126, 2.241898, -112.9037, -0.8343786, 0.1479805, 0.5309559, -0.947573, -0.09651332, 0.3046155, 15.57347, 302.4706, 280.0571, 342.4199, 287.821, 264.1843, 326.8464, 14.6496, -15.87277, -161.5139, -118.7428, -27.92987, 156.9224, -106.3351, 69.10107, 318.4363, -12.4077, 97.03094, 3.330443
5, 6, -0.004434445, -0.01772185, -0.9998332, -0.01706894, -0.09251859, -0.9955646, 181.0155, 180.2541, 194.0484, 185.3093, 180.9822, 190.4531, 4.293839, -0.7281189, -3.595276, 0.2884829, -0.7938868, -0.535277, 0.3007536, -0.9141918, -0.2716625, 236.0102, 151.6779, 160.0298, 253.4501, 132.0906, 161.7897, 17.43985, 19.58731, 1.759827, 54.99478, 28.57617, -34.01851, 68.14079, 48.8916, -28.66341, 13.14601, -20.31543, 5.355103, 4.631657
6, 1, -0.114409, -0.01261121, -0.9933536, -0.04312067, -0.09350633, -0.9946845, 180.7274, 186.5701, 263.7097, 185.3704, 182.4823, 204.7569, 4.64299, 4.087799, -58.95282, -0.422747, 0.6344241, -0.6471409, -0.2890106, 0.7426887, -0.6040584, 135.5685, 213.1547, 326.3226, 129.1228, 205.5687, 338.7369, -6.445663, 7.586014, 12.41434, -45.15886, -26.58464, 62.61288, -56.24751, -23.08643, 133.98, -11.08865, -3.498215, 71.36716, 2.976581
7, 8, -0.1047454, -0.0743178, -0.9917185, -0.02072084, -0.09337094, -0.9954157, 184.2856, 186.0292, 234.644, 185.3587, 181.1925, 192.5123, 1.07309, 4.836716, -42.13167, 0.1038782, 0.3173137, -0.9426141, 0.189045, 0.03121703, -0.9814721, 161.3951, 173.7112, 18.12677, 178.1782, 169.0976, 80.62335, 16.7831, 4.613678, 62.49659, -22.89049, 12.31799, -216.5172, -7.180481, 12.09496, -111.8889, 15.71001, 0.2230377, 104.6283, 2.751599
8, 7, -0.1146074, 0.05215562, -0.992041, -0.03919334, -0.09680165, -0.9945317, 176.9905, 186.59, 294.4694, 185.5593, 182.2568, 202.0422, 8.568787, 4.333206, -92.42717, 0.3755075, 0.5724321, -0.728914, 0.3758202, 0.4712718, -0.797911, 141.8567, 152.7443, 33.26432, 149.4325, 154.7793, 38.57095, 7.575867, -2.035049, 5.306625, -35.13383, 33.84572, -261.205, -36.12675, 27.47746, -163.4713, -0.9929199, 6.368256, 97.7338, 2.577361
9, 3, -0.109244, 0.02749604, -0.9936348, -0.03964898, -0.09611022, -0.9945807, 178.4149, 186.2741, 284.1276, 185.5196, 182.2829, 202.4179, 7.10466, 3.991226, -81.70963, -0.1175801, -0.8454784, 0.5209043, -0.1688819, -0.94799, 0.2698033, 301.6375, 347.2802, 187.9173, 285.8867, 327.9557, 190.1011, -15.75082, 19.32446, 2.183823, 123.2226, -161.0061, -96.21027, 100.3671, -145.6728, -12.31682, -22.85548, -15.33324, 83.89345, 2.930419
10, 0, -0.1018673, 0.08973401, -0.9907427, -0.03754909, -0.09983569, -0.9942952, 174.8247, 185.8705, 311.3765, 185.7338, 182.1627, 200.6117, 10.90906, 3.707748, -110.7648, -0.3410738, -0.1940556, -0.9197886, -0.1781356, -0.3606265, -0.9155415, 191.9135, 200.3457, 240.3621, 201.4992, 191.0104, 206.2876, 9.585724, 9.335281, -34.07448, 17.08876, -14.4752, -71.01445, 15.76543, -8.847672, 5.675873, -1.323334, -5.627533, 76.69032, 3.041312
11, 4, -0.09225813, 0.06998093, -0.993273, -0.02444725, -0.09995548, -0.9946915, 175.9699, 185.3066, 307.1815, 185.7383, 181.4079, 193.7437, 9.768433, 3.898651, -113.4379, 0.5791713, 0.6832379, 0.4446872, 0.4648891, 0.7359335, 0.4922194, 56.9418, 52.48298, 40.28749, 56.22393, 43.36436, 32.2806, -0.7178688, 9.118618, -8.006889, -119.0281, 132.8236, -266.8941, -129.5144, 138.0435, -161.4631, -10.4863, -5.219971, 105.431, 3.006646
12, 8, -0.07094108, 0.003513776, -0.9974744, -0.02846097, -0.09370243, -0.9951934, 179.7982, 184.0681, 272.8356, 185.3788, 181.6381, 196.8955, 5.580643, 2.429947, -75.94008, 0.1440015, 0.25412, -0.9563928, 0.1929692, 0.03215102, -0.980678, 165.1199, 171.4375, 29.53882, 178.1223, 168.8681, 80.54071, 13.00232, 2.569397, 51.00189, -14.67822, 12.63062, -243.2968, -7.256546, 12.77007, -116.3548, 7.421677, -0.1394501, 126.942, 2.709535
13, 6, -0.08507828, 0.009452023, -0.9963295, -0.02026622, -0.09355373, -0.9954079, 179.4565, 184.8807, 276.3394, 185.3692, 181.1664, 192.2229, 5.91272, 3.714386, -84.11652, 0.3653374, -0.7332355, -0.5734932, 0.3091594, -0.9134622, -0.264589, 231.9696, 147.5013, 153.515, 253.8461, 130.558, 161.3017, 21.87648, 16.94325, 7.786682, 52.51312, 37.37946, -122.8244, 68.47688, 50.60832, -30.9212, 15.96376, -13.22887, 91.9032, 2.909555
14, 1, -0.05879733, 0.1162929, -0.9914732, -0.02258476, -0.09895089, -0.994836, 173.3102, 183.3938, 333.179, 185.6802, 181.3005, 192.8571, 12.37003, 2.093323, -140.3219, -0.3440132, 0.6555229, -0.6722686, -0.2828268, 0.7466213, -0.6021343, 135.7226, 207.0997, 332.3099, 128.8855, 205.1598, 339.2529, -6.837112, 1.939957, 6.942993, -37.58762, -23.7059, -0.8691101, -56.79475, -23.85927, 146.3958, -19.20714, 0.1533661, 147.2649, 2.763121
15, 7, -0.06660892, -0.03391002, -0.997203, 0.00413576, -0.09448332, -0.9955178, 181.9476, 183.8214, 243.0197, 185.4216, 179.762, 177.4936, 3.47403, 4.059448, -65.52612, 0.5028438, 0.5874822, -0.634045, 0.3921232, 0.4688749, -0.7914516, 137.183, 141.583, 40.56122, 149.3565, 153.644, 39.90596, 12.17352, -12.06094, -0.6552582, -44.76463, 42.2384, -202.4585, -36.06514, 26.11801, -137.5877, 8.699493, 16.12039, 64.87086, 2.88614
16, 5, -0.08053426, -0.01521905, -0.9966358, -0.02140042, -0.09256732, -0.9954764, 180.8749, 184.6198, 259.2986, 185.3125, 181.2315, 193.0174, 4.437683, 3.388275, -66.28127, 0.9999468, -0.004911492, -0.009066493, 0.9721026, -0.1026552, -0.210899, 208.4453, 90.51949, 90.28142, 205.9545, 102.2407, 96.02817, -2.490723, -11.72122, 5.74675, 27.57039, 94.10033, -169.0172, 20.64198, 78.99083, -96.98921, -6.928406, 15.1095, 72.02802, 2.976512
17, 2, -0.1003176, -0.01798782, -0.994793, -0.05611651, -0.09424389, -0.9939663, 181.0359, 185.7584, 259.8344, 185.4164, 183.2313, 210.7712, 4.380463, 2.527069, -49.06319, -0.7593967, 0.2880584, 0.5833858, -0.9411103, -0.09904677, 0.3232665, 26.27878, 307.5323, 290.773, 342.9653, 288.9573, 263.992, 316.6865, 18.57495, -26.78098, -154.7571, -121.7739, 30.9386, 157.5489, -105.726, 53.22081, 312.306, -16.04788, 22.28221, 3.175178
18, 8, -0.05808188, -0.1276583, -0.990116, -0.0201309, -0.08799929, -0.9959171, 187.3468, 183.3572, 204.4646, 185.0495, 181.158, 192.8854, -2.297211, 2.199234, -11.57918, 0.02104813, 0.293967, -0.9555839, 0.1816207, 0.03224386, -0.9828399, 162.9005, 178.7382, 4.095408, 178.121, 169.5303, 79.93294, 15.22049, 9.20787, 75.83753, -24.44626, 4.619034, -200.3691, -6.928558, 11.62767, -112.9524, 17.5177, -7.008636, 87.4167, 2.833716
19, 1, -0.1664019, -0.0494027, -0.9848198, -0.04477817, -0.09104847, -0.9948393, 182.8718, 189.5905, 253.4645, 185.2292, 182.5772, 206.1882, 2.357407, 7.013321, -47.27626, -0.4773789, 0.6505426, -0.5906808, -0.3001227, 0.7399223, -0.6020311, 132.2389, 218.9446, 323.7281, 129.1332, 206.497, 337.9218, -3.105667, 12.44757, 14.1937, -50.6329, -29.3541, 70.26367, -56.09598, -23.91985, 131.7336, -5.463074, -5.43425, 61.46996, 2.510158
20, 2, -0.1095858, -0.0855944, -0.9902852, -0.0449131, -0.09304836, -0.9946481, 184.94, 186.3147, 232.0076, 185.3444, 182.5854, 205.7659, 0.4043884, 3.729294, -26.24165, -0.7510931, 0.297408, 0.589413, -0.9298983, -0.09564872, 0.3551626, 26.77475, 308.1227, 291.6019, 344.9273, 290.9037, 264.1273, 318.1526, 17.21899, -27.47467, -158.1653, -121.808, 59.59433, 159.5829, -108.3183, 58.36131, 317.7482, -13.4897, -1.233017, 3.584898
21, 0, -0.1036881, -0.01111009, -0.9945478, -0.04713737, -0.09443115, -0.9944148, 180.64, 185.952, 263.8841, 185.4246, 182.7139, 206.5271, 4.784592, 3.238037, -57.35704, -0.3735715, -0.2289981, -0.8988906, -0.1806112, -0.3570156, -0.9164712, 194.2924, 202.5674, 238.4918, 201.2836, 191.1486, 206.8345, 6.991196, 11.41881, -31.65736, 13.6524, -16.61542, -25.39229, 15.85901, -8.434647, 0.3073883, 2.206604, -8.180771, 25.69968, 3.342751
22, 5, -0.09348179, 0.0246547, -0.9953157, -0.04852378, -0.096725, -0.9941276, 178.581, 185.3656, 284.7746, 185.5572, 182.7944, 206.6414, 6.976135, 2.571167, -78.13319, 0.9986398, 0.03589675, 0.03781758, 0.9691372, -0.1080508, -0.221581, 43.50734, 87.8313, 87.94136, 205.9955, 102.8786, 96.36173, 162.4882, -15.0473, 8.420372, -135.0737, 97.53429, -196.8333, 20.43832, 79.91582, -110.2797, 155.512, 17.61847, 86.55357, 2.853567
23, 3, -0.2090699, -0.03838744, -0.9771472, -0.07469716, -0.09171377, -0.9929798, 182.2497, 192.0769, 259.5958, 185.277, 184.302, 219.1614, 3.027252, 7.774902, -40.43434, -0.1516679, -0.8301295, 0.5365463, -0.1829023, -0.9375495, 0.2958845, 302.8762, 344.2158, 190.354, 287.5154, 328.2776, 191.0389, -15.36087, 15.9382, 0.6849518, 120.6265, -152.1389, -69.24181, 102.2384, -143.9756, -28.12251, -18.38812, -8.1633, 41.11929, 3.029982
24, 6, -0.1191806, 0.08154377, -0.9895183, -0.007183338, -0.09985615, -0.994976, 175.289, 186.8678, 304.3801, 185.731, 180.4136, 184.1146, 10.44199, 6.454147, -120.2655, 0.3291153, -0.7362512, -0.5912845, 0.3108629, -0.9168926, -0.2503439, 231.232, 150.8992, 155.9146, 254.7285, 128.8452, 161.2713, 23.49646, 22.05406, 5.356674, 55.94295, 35.96857, -148.4654, 68.99742, 51.56848, -22.84328, 13.05447, -15.59991, 125.6221, 3.202467
25, 7, -0.2013308, 0.04842705, -0.9783256, -0.01950463, -0.09655667, -0.9951364, 177.1662, 191.6286, 283.5247, 185.542, 181.1228, 191.4202, 8.375809, 10.50577, -92.10451, 0.4073023, 0.5123293, -0.7560582, 0.3935593, 0.4767215, -0.7860329, 145.8772, 151.6879, 38.48473, 148.7636, 153.4033, 39.54151, 2.886414, -1.715454, 1.056778, -31.289, 39.94077, -245.0399, -36.7784, 27.71954, -151.8787, -5.489395, 12.22122, 93.16129, 3.387169
26, 4, -0.1118155, -0.1184001, -0.9866503, -0.0150824, -0.09010293, -0.9958183, 186.8429, 186.4657, 223.3617, 185.1701, 180.8677, 189.5027, -1.67276, 5.597946, -33.85898, 0.5295596, 0.523859, 0.667187, 0.4505751, 0.7504889, 0.4834755, 38.13815, 38.43973, 45.31005, 57.2098, 42.98269, 30.97957, 19.07165, -4.542953, -14.33048, -148.7047, 148.0259, -178.0516, -127.9603, 137.885, -158.5231, 20.74442, 10.1409, 19.52849, 3.120793
