SubjectID, Experiment, Height, Gender, Age, LocomotionRandomOrderId, TrialArray
06WR, locima, 70", male, 22, 2, [see code]Trial, ObjectId, RealStartVectorX, RealStartVectorY, RealStartVectorZ, PerfectStartVectorX, PerfectStartVectorY, PerfectStartVectorZ, RealStartAngleX, RealStartAngleY, RealStartAngleZ, PerfectStartAngleX, PerfectStartAngleY, PerfectStartAngleZ, StartErrorX, StartErrorY, StartErrorZ, RealEndVectorX, RealEndVectorY, RealEndVectorZ, PerfectEndVectorX, PerfectEndVectorY, PerfectEndVectorZ, RealEndAngleX, RealEndAngleY, RealEndAngleZ, PerfectEndAngleX, PerfectEndAngleY, PerfectEndAngle, EndErrorX, EndErrorY, EndErrorZ, RealChangeX, RealChangeY, RealChangeZ, PerfectChangeX, PerfectChangeY, PerfectChangeZ, ChangeErrorX, ChangeErrorY, ChangeErrorZ, ElapsedTime
 
LOCOMOTION
 
IMAGINATION
0, 5, -0.01953338, -0.04803767, -0.9986544, 0.01222851, -0.135737, -0.9906694, 182.7539, 181.1205, 202.1279, 187.8018, 179.2928, 174.8521, 5.047882, 1.827744, -27.27582, -0.9958868, -0.01799825, 0.08880058, 0.2224587, 0.01822338, -0.9747718, 348.5424, 275.0954, 268.9646, 178.929, 167.1443, 85.31689, -169.6134, 107.9511, -183.6477, 165.7885, -93.97488, 66.83669, -8.872833, 12.14845, -89.53523, -174.6613, -106.1233, -156.3719, 9.728178
1, 2, 0.01885586, -0.06532213, -0.9976862, 0.04368755, -0.1416892, -0.9889467, 183.746, 178.9173, 163.8987, 188.1534, 177.4706, 162.8637, 4.407425, 1.446701, -1.035004, 0.9991678, -0.01029857, 0.03947015, 0.3179, -0.9175339, -0.2388956, 345.3764, 87.73782, 90.59054, 255.4061, 126.9241, 160.8902, -89.97031, -39.18632, 70.29967, 161.6304, 91.17944, -73.30817, 67.25266, 50.54642, -1.973495, -94.37773, 40.63302, 71.33468, 6.662889
2, 7, 0.06172022, -0.128926, -0.9897318, 0.02949234, -0.1385791, -0.9899122, 187.4218, 176.4316, 154.4184, 187.9691, 178.2935, 167.9856, 0.5473633, -1.861877, 13.56723, 0.7537409, 0.3692992, 0.5435925, -0.2913075, 0.7606043, -0.5801904, 34.19092, 54.20113, 63.89722, 127.3365, 206.6608, 339.0434, 93.14554, -152.4596, 275.1462, -153.2308, 122.2305, -90.52115, -60.63265, -28.36725, 171.0578, 92.59818, 150.5977, 261.579, 7.807169
3, 1, 0.04856845, -0.1126956, -0.9924419, 0.0215584, -0.1373768, -0.9902842, 186.4784, 177.1983, 156.6854, 187.8979, 178.7529, 171.0814, 1.419525, -1.554596, 14.39597, -0.6259905, -0.7766664, -0.07018172, 0.2531493, 0.05045744, -0.9661105, 264.8366, 263.6031, 218.8687, 177.0103, 165.3169, 78.72759, -87.82629, 98.28619, -140.1411, 78.35822, -86.40485, 62.18329, -10.8876, 13.43594, -92.35377, -89.24582, -99.84079, -154.537, 11.06018
4, 3, 0.02872218, -0.1344389, -0.9905057, 0.07540124, -0.1396116, -0.9873314, 187.7294, 178.339, 167.9404, 188.0484, 175.6329, 151.6275, 0.3190613, 2.706161, -16.31291, 0.06825235, 0.2282459, 0.9712082, 0.9799138, -0.1506054, -0.1307164, 13.22522, 4.019893, 16.64824, 229.044, 97.59817, 98.73756, 215.8188, -93.57828, 82.08932, -174.5042, 174.3191, -151.2921, 40.99556, 78.03471, -52.88989, 215.4997, 96.28443, 98.40224, 8.928479
5, 0, 0.0665017, -0.121894, -0.9903129, 0.01819602, -0.139491, -0.9900561, 187.017, 176.1582, 151.3844, 188.0197, 178.9471, 172.568, 1.002701, -2.788864, 21.18352, -0.4803897, 0.5678044, -0.6684492, -0.2856331, 0.7553167, -0.5898393, 139.6543, 215.7034, 319.7672, 127.9869, 205.8389, 339.2852, -11.66738, 9.864548, 19.51804, -47.36278, -39.54517, 168.3827, -60.03286, -26.89175, 166.7173, -12.67008, -12.65341, -1.665482, 9.073093
6, 8, 0.06085588, -0.2132546, -0.9750997, 0.05673891, -0.1364443, -0.9890215, 192.3364, 176.4288, 164.073, 187.8549, 176.7166, 157.4205, -4.481491, -0.287796, -6.652451, 0.4686998, -0.737702, -0.4859182, 0.3101303, -0.9246836, -0.2208605, 236.6274, 136.0333, 147.5701, 256.5666, 125.4567, 161.459, 19.93915, 10.57661, 13.8889, 44.29108, 40.39549, -16.50287, 68.71172, 51.2599, 4.038483, 24.42064, -10.86441, 20.54135, 11.18374
7, 2, -0.05798011, -0.04746746, -0.9971887, -0.04280528, -0.1461045, -0.9883426, 182.7253, 183.3276, 230.6933, 188.409, 182.4799, 196.3294, 5.683716, 0.847702, -34.36394, -0.4529629, 0.434047, -0.7787349, -0.2872207, 0.7426422, -0.6049685, 150.8658, 210.1851, 313.7783, 129.1668, 205.3969, 338.8558, -21.69899, 4.788132, 25.07745, -31.85948, -26.85744, 83.08501, -59.24219, -22.91701, 142.5264, -27.38271, -3.94043, 59.44139, 10.06226
8, 7, -0.1019074, -0.1083873, -0.9888718, -0.004636494, -0.1404747, -0.9900734, 186.2551, 185.8838, 223.2351, 188.0754, 180.2683, 181.8904, 1.820343, 5.615494, -41.34467, -0.006750475, -0.01443459, -0.999873, 0.2034317, 0.0182721, -0.9789186, 180.8271, 180.3868, 205.0636, 178.9307, 168.2603, 84.86751, -1.896408, 12.12651, -120.1961, -5.427963, 5.496994, -18.17148, -9.144714, 12.00801, -97.0229, -3.716751, -6.511017, -78.85143, 11.52762
9, 1, -0.01133889, -0.0361254, -0.9992831, -0.02599825, -0.1467701, -0.988829, 182.0704, 180.6501, 197.4258, 188.4427, 181.5061, 190.0449, 6.372253, -0.855957, -7.380875, -0.08134542, 0.4757005, 0.8758379, 0.4379198, 0.7027076, 0.560739, 28.50805, 354.6938, 350.2962, 51.41122, 37.98874, 31.93072, 22.90317, 316.705, -318.3655, -153.5624, -174.0437, 152.8704, -137.0315, 143.5173, -158.1142, 16.5309, -317.561, -310.9846, 9.772164
10, 4, -0.09917115, -0.07134397, -0.9925097, -0.05153214, -0.1428745, -0.9883984, 184.1115, 185.706, 234.2687, 188.2252, 182.9845, 199.8334, 4.113739, 2.721497, -34.43524, 0.1226909, 0.3645457, 0.9230674, 0.3539835, 0.4777893, -0.8039982, 21.55048, 7.571178, 18.60109, 149.2784, 156.2371, 36.53393, 127.7279, -148.6659, 17.93284, -162.561, 178.1348, -215.6676, -38.94682, 26.74742, -163.2995, 123.6142, 151.3874, 52.36807, 6.929234
11, 3, -0.02263743, -0.05471531, -0.9982454, -0.01084644, -0.1537247, -0.9880542, 183.1373, 181.2991, 202.4764, 188.8434, 180.6289, 184.036, 5.706039, 0.6701508, -18.44044, -0.9068723, 0.4137151, -0.08013947, 0.4696709, 0.6596488, 0.5867476, 100.9628, 264.95, 294.5225, 48.34739, 38.67605, 35.45092, -52.61543, 226.2739, -259.0715, -82.17451, -83.65086, 92.04605, -140.496, 141.9529, -148.585, -58.32146, -225.6037, -240.6311, 10.60574
12, 5, 7.05251E-05, -0.0818687, -0.9966433, -0.001216271, -0.1517972, -0.9884109, 184.696, 179.996, 179.9506, 188.7311, 180.0705, 180.4591, 4.03511, -0.07455444, 0.5084229, -0.7226102, -0.6246472, -0.2960582, 0.3503923, -0.9124742, -0.2112248, 244.6409, 247.7208, 229.1588, 256.9664, 121.0826, 158.9931, 12.3255, 126.6382, -70.16573, 59.94492, -67.72481, 49.20818, 68.23531, 58.98794, -21.46597, 8.29039, -126.7127, -70.67415, 9.615685
13, 7, 0.06244446, -0.08240104, -0.9946412, 0.06731983, -0.137832, -0.9881651, 184.7359, 176.4076, 142.8447, 187.9405, 176.1027, 153.9682, 3.204681, 0.3049469, 11.12349, 0.8823094, -0.06036282, -0.4667833, 0.9860911, -0.1343363, -0.09786729, 187.3684, 117.881, 93.91377, 233.9258, 95.66792, 97.75771, 46.55734, 22.21304, 3.843941, 2.632553, 58.52669, -48.93095, 45.98521, 80.43478, -56.2105, 43.35266, -21.90809, -7.279549, 8.851114
14, 3, -0.01062898, -0.08386947, -0.9964203, 0.04978957, -0.1402466, -0.988864, 184.8113, 180.6112, 187.2227, 188.0722, 177.1176, 160.4544, 3.26091, 3.493591, -26.76833, 0.8670991, 0.3353142, 0.3683796, 0.4111505, 0.4654224, -0.7837967, 42.30975, 66.9822, 68.85812, 149.298, 152.3202, 41.45712, 106.9882, -85.33797, -27.40099, -142.5016, 113.629, -118.3646, -38.77425, 24.79739, -118.9973, 103.7273, 88.83157, -0.6326675, 10.29473
15, 0, 0.08906478, -0.1858214, -0.9785387, 0.04821543, -0.1390401, -0.9891123, 190.7523, 174.7994, 154.3914, 188.0017, 177.2093, 160.8748, -2.75061, -2.409882, 6.483353, 0.7279841, 0.1847633, 0.6602286, 0.9854037, -0.1546513, -0.0711524, 15.63414, 47.79426, 75.75896, 245.2937, 94.12995, 98.91937, 229.6595, -46.33569, 23.16042, -175.1181, 127.0051, -78.63249, 57.29201, 83.07931, -61.95543, 232.4101, 43.92581, 16.67706, 8.496404
16, 1, -0.005193835, -0.1365593, -0.9906184, 0.01439202, -0.1457421, -0.9892179, 187.8489, 180.3004, 182.1781, 188.3811, 179.1665, 174.3603, 0.5322418, 1.133942, -7.81778, -0.6759105, -0.7307861, 0.0953775, 0.003565582, -0.8839105, 0.4676425, 277.4359, 278.032, 222.766, 297.8816, 0.4368482, 179.7689, 20.44571, 277.5951, -42.99713, 89.58696, -97.73155, 40.58789, 109.5004, 178.7296, 5.408539, 19.91347, -276.4612, -35.17935, 9.438914
17, 5, 0.04284436, -0.01223958, -0.9990069, 0.03754154, -0.1445003, -0.9887924, 180.7019, 177.5443, 105.9433, 188.3142, 177.8257, 165.4364, 7.612305, -0.2814331, 59.49306, -0.1856354, 0.06375982, 0.9805479, -0.891246, -0.1465503, 0.4291895, 3.720402, 349.2798, 288.9559, 341.1471, 295.7137, 260.6622, 337.4267, 53.5661, -28.2937, -176.9815, -171.7355, 183.0126, 152.8329, -117.888, 95.22585, 329.8144, -53.84753, -87.78676, 8.451582
 
LOCOMOTION
0, 2, -0.01719505, 0.00045427, -0.9998522, 0.0149977, -0.1495192, -0.9886451, 179.974, 180.9852, 271.5133, 188.6, 179.1309, 174.272, 8.626068, 1.854355, -97.2413, -0.4827206, 0.5402434, -0.689288, -0.2641204, 0.7593327, -0.5946883, 141.9117, 215.0042, 318.2184, 128.0671, 203.9476, 340.8207, -13.84465, 11.05667, 22.60223, -38.06226, -34.019, 46.70511, -60.53297, -24.81668, 166.5486, -22.47072, -9.202316, 119.8435, 7.76278
1, 3, -0.01342689, 0.03594744, -0.9992635, 0.002891419, -0.1478308, -0.9890085, 177.9397, 180.7698, 339.5186, 188.5013, 179.8325, 178.8795, 10.56154, 0.9373322, -160.6391, 0.9485708, 0.2977956, -0.1073841, 0.9749113, -0.1614787, -0.1532076, 109.8291, 96.45874, 72.57078, 226.5056, 98.93101, 99.40475, 116.6764, -2.472267, 26.83398, -68.11059, 84.31108, -266.9478, 38.00432, 80.90148, -79.47475, 106.1149, 3.409599, 187.4731, 8.162166
2, 8, -0.02972098, -0.07595537, -0.9966682, 0.01882952, -0.134822, -0.9906909, 184.358, 181.7081, 201.3702, 187.7497, 178.9111, 172.0494, 3.391663, 2.796936, -29.3208, 0.2348246, -0.6667393, -0.7073302, 0.3238375, -0.9165577, -0.2346298, 223.3079, 161.6345, 160.5978, 255.6412, 125.9244, 160.5407, 32.33325, 35.71004, -0.05711365, 38.94989, 20.07358, -40.77237, 67.89148, 52.98669, -11.50868, 28.94159, -32.91311, 29.26369, 7.841193
3, 5, -0.1083943, -0.05385536, -0.9926482, -0.02805574, -0.137727, -0.9900728, 183.1055, 186.2318, 243.5797, 187.9195, 181.6232, 191.5139, 4.813995, 4.608688, -52.06573, -0.9816676, 0.1897378, 0.01812096, -0.8583441, -0.1592832, 0.4877234, 84.5445, 271.0575, 280.9393, 341.9137, 299.6059, 259.4872, 257.3692, -28.54834, -21.45212, -98.56098, -84.82568, 37.35965, 153.9942, -117.9827, 67.97327, 252.5552, 33.15703, 30.61362, 7.952215
4, 1, -0.03732534, 0.01130246, -0.9992394, 0.009341404, -0.1418132, -0.9898494, 179.352, 182.1392, 286.8468, 188.1531, 179.4593, 176.2313, 8.801178, 2.679916, -110.6155, -0.02444226, 0.3353756, -0.9417674, 0.2090839, 0.01134458, -0.9778319, 160.3985, 181.4867, 355.8316, 179.3353, 167.9305, 86.89426, 18.93677, 13.55615, -268.9374, -18.95343, 0.6525269, 68.98483, -8.817841, 11.52876, -89.33703, 10.13559, -10.87624, -158.3219, 7.229264
5, 7, -0.005483026, -0.007425104, -0.9999575, -0.0008002155, -0.1423898, -0.9898103, 180.4254, 180.3142, 216.4438, 188.1862, 180.0463, 180.322, 7.760727, 0.2678528, -36.12181, -0.4649988, 0.4648087, -0.7534782, -0.2821974, 0.7517912, -0.5959653, 148.3302, 211.6802, 314.9883, 128.4048, 205.3382, 339.4255, -19.92538, 6.342072, 24.43726, -32.09521, -31.36607, 98.54448, -59.78133, -25.29185, 159.1035, -27.68611, -6.074219, 60.55907, 7.018994
6, 4, -0.008256554, -0.06317782, -0.9979683, 0.01235077, -0.1382994, -0.9903134, 183.6224, 180.474, 187.4456, 187.9501, 179.2855, 174.8968, 4.327698, 1.188538, -12.54889, 0.3063545, 0.4649137, -0.8306637, 0.4120376, 0.4575936, -0.7879297, 150.7647, 159.7557, 33.38285, 149.8539, 152.3933, 42.00127, -0.9107971, 7.362411, 8.618423, -32.85764, 20.71834, -154.0628, -38.09613, 26.89221, -132.8955, -5.238495, -6.173874, 21.16731, 7.652413
7, 6, -0.01158027, -0.06769972, -0.9976386, 0.01137996, -0.1427074, -0.9896995, 183.8821, 180.665, 189.7067, 188.2051, 179.3412, 175.4407, 4.322937, 1.323822, -14.26601, 0.2564691, 0.4005381, -0.8796552, 0.4131765, 0.4668329, -0.7818902, 155.5185, 163.7456, 32.6319, 149.1604, 152.1465, 41.51085, -6.358139, 11.59908, 8.878944, -28.3636, 16.91942, -157.0748, -39.04468, 27.19467, -133.9298, -10.68108, -10.27525, 23.14496, 6.162477
8, 1, -0.06391867, -0.09144641, -0.9937565, -0.0191585, -0.1359284, -0.9905334, 185.2576, 183.6802, 214.9526, 187.8137, 181.108, 188.0227, 2.556137, 2.572159, -26.92982, -0.5818977, -0.7747028, 0.2474484, -0.03553899, -0.9204328, 0.3892819, 287.7141, 293.0373, 216.9111, 292.9251, 354.7837, 182.2112, 5.21109, -61.7464, -34.69994, 102.4565, -109.3571, 1.958527, 105.1114, -173.6757, -5.811584, 2.654953, 64.31856, -7.770111, 7.363261
9, 4, -0.07089686, 0.06672767, -0.9952494, -0.004067474, -0.1372399, -0.9905294, 176.1643, 184.0746, 313.2648, 187.8882, 180.2353, 181.6976, 11.72395, 3.839325, -131.5672, -0.9274189, 0.1594462, -0.3383357, -0.912793, -0.1644663, 0.3738445, 154.7671, 249.9573, 279.7552, 336.2538, 292.2721, 259.7861, 181.4867, -42.31479, -19.96912, -21.39719, -65.88271, -33.50961, 148.3655, -112.0368, 78.08846, 169.7627, 46.15411, 111.5981, 10.12832
10, 0, -0.02359469, -0.03600694, -0.9990731, 0.03777078, -0.1356492, -0.9900367, 182.0641, 181.3529, 213.2361, 187.8018, 177.8152, 164.4404, 5.737701, 3.537689, -48.79564, 0.9821329, 0.184736, 0.03588746, 0.9761845, -0.1646417, -0.1412692, 79.00645, 87.90733, 79.34732, 229.3691, 98.23443, 99.57332, 150.3626, -10.3271, 20.226, -103.0576, 93.44555, -133.8888, 41.56732, 79.58076, -64.86713, 144.6249, 13.86479, 69.02164, 6.873849
11, 1, -0.04488615, -0.0291472, -0.998567, -0.01308164, -0.1353977, -0.990705, 181.6719, 182.5737, 237.002, 187.7823, 180.7565, 185.5186, 6.110367, 1.817245, -51.4834, 0.3607919, -0.7662398, -0.5317011, 0.3006548, -0.9189845, -0.2550963, 235.2429, 145.8407, 154.7861, 254.4861, 130.3136, 161.884, 19.24329, 15.52711, 7.09787, 53.57094, 36.73305, -82.21587, 66.70386, 50.44292, -23.6346, 13.13292, -13.70987, 58.58127, 7.119206
12, 8, -0.01255906, -0.0672461, -0.9976574, -0.0006203357, -0.1341053, -0.9909669, 183.8561, 180.7212, 190.5788, 187.7069, 180.0359, 180.265, 3.850769, 0.685379, -10.31381, -0.3116679, -0.6139507, -0.7252088, -0.185396, -0.3637831, -0.9128473, 220.2507, 203.2562, 206.9143, 201.728, 191.4804, 207.0049, -18.52272, 11.77582, 0.09060669, 36.39461, -22.535, 16.33546, 14.02112, -11.44456, 26.73988, -22.37349, -11.09044, 10.40442, 7.118513
13, 6, -0.06361198, 0.001013303, -0.9979742, -0.02524951, -0.1376181, -0.9901634, 179.9418, 183.6472, 270.9126, 187.9126, 181.4607, 190.3967, 7.970749, 2.186432, -80.51588, -0.4167066, -0.4856953, -0.7684114, -0.1767366, -0.369463, -0.9122835, 212.2961, 208.4708, 220.6282, 202.0473, 190.9641, 205.5646, -10.24873, 17.50673, -15.0636, 32.35422, -24.82364, -50.28438, 14.13474, -9.503342, 15.16791, -18.21948, -15.3203, 65.45229, 8.272758
14, 2, -0.02937135, -0.1060653, -0.9939255, -0.02128338, -0.1347365, -0.9906529, 186.0912, 181.6927, 195.4783, 187.7451, 181.2308, 188.9764, 1.653961, 0.4618988, -6.501907, -0.6402535, -0.7330494, 0.2295954, -0.03897054, -0.9141159, 0.4035757, 287.3909, 289.7279, 221.1343, 293.8211, 354.4844, 182.4412, 6.430237, -64.75656, -38.69316, 101.2997, -108.0352, 25.65598, 106.076, -173.2537, -6.535278, 4.776276, 65.21846, -32.19125, 7.195773
15, 5, -0.03176454, 0.007930005, -0.999464, -0.007654079, -0.128998, -0.9916154, 179.5454, 181.8203, 284.0173, 187.4119, 180.4422, 183.3956, 7.866501, 1.378082, -100.6217, -0.007345783, 0.2944934, -0.9556254, 0.1894522, 0.01168694, -0.9818204, 162.8724, 180.4404, 358.5711, 179.318, 169.0784, 86.47001, 16.44566, 11.36198, -272.1011, -16.67305, 1.379913, 74.5538, -8.093887, 11.36382, -96.92564, 8.579163, -9.983902, -171.4794, 7.196352
16, 3, 0.0008592868, 0.005733422, -0.9999833, -0.01225935, -0.1364715, -0.9905682, 179.6715, 179.9508, 8.523664, 187.8443, 180.7091, 185.1331, 8.172806, -0.7583008, 176.6095, -0.01422828, 0.361367, -0.9323152, 0.2223893, 0.01148165, -0.9748904, 158.8136, 180.8743, 357.7452, 179.3252, 167.1497, 87.04453, 20.51166, 13.72461, -270.7007, -20.85793, -0.923584, 349.2216, -8.519073, 13.55933, -98.08861, 12.33885, -14.48291, -447.3102, 6.496802
17, 0, 0.009103468, 0.02640278, -0.99961, 0.02881254, -0.1358256, -0.9903137, 178.487, 179.4782, 19.02379, 187.8096, 178.3335, 168.0235, 9.322617, 1.144745, 148.9997, -0.2488967, 0.7087277, -0.6601178, -0.2663285, 0.7371358, -0.6210475, 132.9662, 200.6589, 340.6493, 130.1146, 203.2115, 340.1351, -2.851563, -2.552567, -0.5141907, -45.52081, -21.18068, 321.6255, -57.69499, -24.87799, 172.1117, -12.17418, 3.697311, -149.5139, 6.973743
 
IMAGINATION
18, 8, -0.006245819, -0.04666053, -0.9988912, 0.005824606, -0.1321751, -0.9912093, 182.6745, 180.3582, 187.6241, 187.5954, 179.6633, 177.4768, 4.920959, 0.694931, -10.14734, -0.8954336, -0.3677368, -0.2509354, -0.8873746, -0.1199333, 0.4451766, 235.6912, 254.3451, 247.673, 344.9221, 296.6419, 262.3028, 109.2309, -42.29688, 14.62981, 53.01677, -73.98682, 60.04892, 157.3267, -116.9786, 84.82607, 104.31, 42.99181, 24.77715, 15.13709
19, 0, -0.009190063, -0.0005922198, -0.9999576, 0.01262007, -0.1308156, -0.9913263, 180.0339, 180.5266, 266.3129, 187.5173, 179.2706, 174.4896, 7.483414, 1.25592, -91.82326, -0.6005523, -0.6390516, -0.4805729, -0.05003991, -0.9105566, 0.4103445, 233.0565, 231.3326, 223.2211, 294.2588, 353.0473, 183.1455, 61.20233, -121.7148, -40.07555, 53.02257, -50.806, -43.09178, 106.7415, -173.7767, 8.65593, 53.71892, 122.9707, 51.74771, 11.69477
20, 4, 0.03172546, -0.140503, -0.9895719, 0.03782432, -0.1256721, -0.9913505, 188.0811, 178.1637, 167.276, 187.2248, 177.815, 163.2495, -0.8562927, 0.3487701, -4.026581, 0.7784351, -0.5588037, -0.2859671, -0.8896434, -0.06798372, 0.4515669, 242.899, 110.1714, 125.6729, 351.4384, 296.9115, 265.6301, 108.5394, -186.7401, 139.9572, 54.8179, 67.99236, -41.60316, 164.2136, -119.0966, 102.3807, 109.3957, 187.0889, 143.9838, 7.451248
21, 2, -0.02365161, -0.09616484, -0.9950845, -0.004292734, -0.1267497, -0.9919255, 185.5199, 181.3616, 193.8176, 187.2819, 180.248, 181.9397, 1.761963, 1.113617, -11.87782, -0.006622346, -0.7547969, -0.6559253, -0.07556163, -0.8955072, 0.4385856, 229.0091, 180.5784, 180.5027, 296.0939, 350.2248, 184.8231, 67.08481, -169.6463, 4.320419, 43.48915, 0.7831268, -13.31488, 108.812, -169.9768, 2.883362, 65.32285, 170.7599, 16.19824, 7.107421
22, 1, 0.00829105, -0.0646223, -0.9978756, 0.01529389, -0.1320117, -0.9911302, 183.7053, 179.524, 172.6889, 187.5867, 179.116, 173.3916, 3.881454, 0.4080048, 0.702713, 0.565006, -0.7657552, 0.307225, 0.2988603, -0.9057022, -0.3006426, 291.8609, 61.46463, 143.5786, 251.6367, 135.1703, 161.7383, -40.22418, -73.70572, 18.15979, 108.1556, 118.0593, -29.11034, 64.04997, 43.9456, -11.65326, -44.10564, 74.11372, 17.45708, 7.230051
23, 2, -0.02547417, -0.05745661, -0.9980231, -0.009186142, -0.1291216, -0.9915862, 183.2949, 181.4621, 203.9108, 187.4191, 180.5308, 184.0694, 4.124237, 0.9313507, -19.8414, 0.8374437, -0.4943799, -0.2329735, -0.1971412, -0.3543829, -0.9140832, 244.7681, 105.5464, 120.5552, 201.1909, 192.1706, 209.0869, -43.57721, -86.62427, 88.53172, 61.47322, 75.91577, -83.35552, 13.77177, -11.63985, 25.01759, -47.70145, 87.55562, 108.3731, 7.452054
24, 6, -0.063611, -0.06196491, -0.9960493, -0.04336704, -0.1280715, -0.9908163, 183.5598, 183.6541, 225.751, 187.3651, 182.5062, 198.7069, 3.805328, 1.147949, -27.0441, 0.4469648, 0.7056661, 0.5497799, 0.4762431, 0.7374767, 0.4788741, 52.07807, 39.11071, 32.34993, 57.00267, 44.84217, 32.85331, 4.924599, -5.731457, 0.5033836, -131.4818, 144.5434, -193.4011, -130.3625, 137.664, -165.8536, 1.119278, 6.87941, 27.54749, 9.761698
25, 4, -0.1053674, -0.2203145, -0.9697213, -0.0730324, -0.1189802, -0.990207, 192.8, 186.2013, 205.5599, 186.8516, 184.2182, 211.5424, -5.948334, 1.983078, 5.982559, -0.9968628, -0.0374936, -0.06970779, 0.9701073, -0.1363251, -0.2007668, 208.2744, 266, 267.846, 214.1774, 101.6925, 97.99916, 5.902969, 164.3075, -169.8469, 15.47444, -79.79869, 62.28616, 27.32574, 82.52572, -113.5433, 11.8513, -162.3244, -175.8294, 7.707738
26, 6, -0.05551384, -0.04276788, -0.9975417, -0.02974216, -0.1284871, -0.9912651, 182.455, 183.1853, 232.3893, 187.3855, 181.7186, 193.0333, 4.930511, 1.46666, -39.35608, -0.8910034, 0.4310047, -0.142647, -0.170837, -0.3747373, -0.9112555, 108.3127, 260.9043, 295.8144, 202.354, 190.6182, 204.5075, 94.04136, 70.28607, -91.3069, -74.14228, -77.71902, 63.42508, 14.96857, -8.899612, 11.47426, 89.11085, -68.81941, -51.95082, 7.596171
27, 5, -0.04158095, -0.113906, -0.9926211, -0.03799115, -0.1228473, -0.9916981, 186.5462, 182.3987, 200.0544, 187.0616, 182.1939, 197.1845, 0.5153656, 0.204834, -2.869904, 0.09923602, 0.6118478, 0.7847257, -0.3080378, 0.7084434, -0.6349967, 37.94342, 7.207338, 9.212619, 131.8707, 205.8781, 336.5002, 93.92731, -198.6708, 327.2875, -148.6028, 175.1914, -190.8418, -55.19084, -23.68422, 139.3157, 93.41194, 198.8756, 330.1574, 7.38486
28, 0, 0.006274903, -0.08167698, -0.9966393, -0.01593803, -0.1266563, -0.9918186, 184.6851, 179.6393, 175.6068, 187.2773, 180.9206, 187.1722, 2.592285, -1.281372, 11.5654, 0.616263, 0.6970289, -0.3665661, 0.3961215, 0.4425344, -0.8045191, 117.7398, 120.7451, 41.48081, 151.1865, 153.7857, 41.83237, 33.44675, -33.04065, 0.3515549, -66.94527, 58.8942, -134.126, -36.09081, 27.13492, -145.3399, 30.85447, 31.75928, -11.21385, 7.84019
29, 6, -0.05156246, -0.132546, -0.9898348, -0.003991223, -0.1237273, -0.9923082, 187.6269, 182.982, 201.2568, 187.1073, 180.2304, 181.8476, -0.5196075, 2.751526, -19.40919, -0.07864132, 0.8349377, -0.5446969, 0.3878959, 0.4400618, -0.8098657, 123.1196, 188.2154, 354.6193, 151.4814, 154.4073, 41.39481, 28.36175, 33.80811, -313.2245, -64.5073, -5.233429, 153.3625, -35.62595, 25.82315, -140.4528, 28.88136, -31.05658, -293.8153, 8.029383
30, 8, -0.007160516, -0.1471244, -0.9890921, 0.0005424256, -0.1255513, -0.992087, 188.4605, 180.4148, 182.7864, 187.2126, 179.9687, 179.7525, -1.247955, 0.446106, -3.03389, -0.1204634, -0.2077913, 0.9707272, 0.5108309, 0.7704228, 0.3814453, 347.9178, 352.926, 210.1023, 63.65945, 53.25074, 33.54648, -284.2583, 299.6753, -176.5558, 159.4572, -172.5112, 27.3159, -123.5531, 126.7179, -146.206, -283.0103, -299.2292, -173.5219, 7.429063
31, 4, -0.2287501, -0.03833518, -0.9727303, -0.07340583, -0.127275, -0.9891474, 182.2569, 193.2334, 260.4865, 187.332, 184.2442, 209.9742, 5.07518, 8.989182, -50.51227, 0.1969311, -0.5093124, 0.8377464, -0.189669, -0.332013, -0.9240093, 328.7023, 13.22848, 158.8605, 199.7643, 191.5998, 209.738, -128.938, -178.3713, 50.87755, 146.4454, 180.0049, -101.626, 12.43224, -7.355621, -0.2361603, -134.0132, 187.3605, 101.3898, 10.60583
32, 3, -0.07249812, -0.06005412, -0.9955589, 0.03985457, -0.1241535, -0.9914623, 183.452, 184.165, 230.3632, 187.1376, 177.6981, 162.2028, 3.685562, 6.466919, -68.16037, 0.606593, 0.7715666, 0.1916506, 0.1799841, 0.004359559, -0.9836598, 76.05053, 72.46628, 38.17385, 179.7461, 169.6311, 88.61246, 103.6955, -97.16479, 50.43861, -107.4015, 111.6987, -192.1894, -7.391495, 8.067017, -73.59038, 100.01, 103.6317, 118.599, 7.607322
33, 8, -0.06597105, -0.1189494, -0.9907062, -0.04317035, -0.1162251, -0.9922842, 186.8465, 183.8097, 209.0134, 186.6805, 182.4911, 200.3769, -0.1659088, 1.318558, -8.636505, -0.5244408, -0.7928443, -0.3104188, -0.1738511, -0.3369525, -0.9253317, 248.6184, 239.3785, 213.4833, 200.0087, 190.6407, 207.2915, -48.60968, 48.73785, -6.191803, 61.77193, -55.56882, 4.469955, 13.32816, -8.149521, 6.914658, -48.44377, -47.4193, 2.444702, 9.729758
34, 7, 0.06367341, 0.07010831, -0.9955051, 0.01645146, -0.1322871, -0.9910749, 175.9716, 176.3403, 42.2462, 187.6028, 179.049, 172.911, 11.63121, -2.708694, 130.6648, -0.588781, -0.5623383, 0.5806141, -0.9642899, -0.06869955, 0.2557838, 315.9161, 314.5999, 226.3159, 344.966, 284.856, 265.9249, 29.04996, 29.7439, 39.60899, 139.9445, -138.2596, 184.0697, 157.3632, -105.807, 93.01393, 17.41875, -32.45259, -91.0558, 8.407117
35, 6, 0.01243789, -0.03436324, -0.999332, 0.01387345, -0.1259976, -0.9919335, 181.9694, 179.2869, 160.1021, 187.2391, 179.1987, 173.7166, 5.269653, 0.08822632, 13.61444, -0.783379, -0.1282099, 0.6081774, -0.03131229, -0.9652218, 0.2595502, 348.0958, 307.824, 260.7052, 285.0509, 353.121, 181.858, -63.04483, -45.297, -78.84718, 166.1264, -128.5371, 100.6031, 97.81187, -173.9223, 8.141495, -68.31448, 45.38522, -92.46162, 11.17173
 
LOCOMOTION
18, 4, -0.04016144, -0.01920057, -0.9990088, -0.0009045482, -0.1324023, -0.9911957, 181.1011, 182.3021, 244.4482, 187.6084, 180.0523, 180.3914, 6.507385, 2.249832, -64.05681, 0.4496585, 0.4684475, 0.7605026, -0.1891695, -0.3746979, -0.9076433, 31.63187, 30.59434, 43.82761, 202.4321, 191.773, 206.7873, 170.8002, -161.1786, 162.9597, -149.4692, 151.7078, -200.6206, 14.82361, -11.72067, 26.39589, 164.2928, 163.4285, 227.0165, 6.63066
19, 6, -0.03003118, -0.05722715, -0.9979095, -0.0004964048, -0.1327129, -0.9911544, 183.2822, 181.7237, 207.6892, 187.6264, 180.0287, 180.2143, 4.344238, 1.695053, -27.4749, 0.1182846, 0.7102916, 0.6938981, 0.4522419, 0.7229584, 0.5223107, 45.66888, 9.673881, 9.454685, 54.15328, 40.8876, 32.02777, 8.484398, -31.21372, 22.57309, -137.6133, 172.0499, -198.2345, -133.4731, 139.1411, -148.1865, 4.140152, 32.90878, 50.04799, 6.851828
20, 8, -0.1340719, -0.1101456, -0.9848314, -0.07787994, -0.1294054, -0.9885287, 186.3816, 187.7524, 230.5955, 187.458, 184.5047, 211.0408, 1.076447, 3.247742, -19.55472, -0.03903251, 0.5499356, 0.8342945, 0.4311862, 0.7390091, 0.5176331, 33.39137, 357.3214, 355.9402, 54.99099, 39.79416, 30.26208, 21.59961, 317.5272, -325.6781, -152.9902, -169.569, 125.3447, -132.467, 144.7105, -180.7787, 20.52316, -314.2795, -306.1234, 6.952097
21, 3, -0.09955348, -0.07037909, -0.9925401, -0.05553285, -0.1297107, -0.9899956, 184.0559, 185.7277, 234.7417, 187.4645, 183.2106, 203.1772, 3.408524, 2.51712, -31.56454, 0.2527471, 0.7299884, 0.6350086, 0.5180938, 0.7322636, 0.4420054, 48.98036, 21.70362, 19.09761, 58.88418, 49.53125, 35.28031, 9.90382, -27.82763, 16.1827, -135.0756, 164.0241, -215.6441, -128.5803, 133.6793, -167.8969, 6.4953, 30.34476, 47.74724, 6.851876
22, 7, 0.03045228, -0.01883101, -0.9993589, 0.01152265, -0.1259326, -0.9919719, 181.0795, 178.2546, 121.7317, 187.2351, 179.3345, 174.7721, 6.155594, -1.079849, 53.04034, 0.9956831, 0.08354861, 0.0404336, 0.945775, -0.1423632, -0.2919632, 64.1752, 87.67456, 85.20351, 205.9942, 107.1556, 98.5602, 141.819, -19.48103, 13.3567, -116.9043, 90.58008, -36.52821, 18.75906, 72.17889, -76.21186, 135.6634, 18.40118, -39.68365, 7.384562
23, 2, 4.975747E-05, -0.03739186, -0.9993008, -0.01077087, -0.125817, -0.991995, 182.1429, 179.9971, 179.9238, 187.2283, 180.6221, 184.893, 5.085449, -0.6249237, 4.969269, 0.4338199, -0.6149726, -0.6584902, 0.3058053, -0.9120323, -0.2732767, 223.0428, 146.6227, 144.7997, 253.3199, 131.7849, 161.4637, 30.27715, 14.83778, 16.66393, 40.8999, 33.37444, -35.12402, 66.0916, 48.83714, -23.42937, 25.1917, -15.46271, 11.69466, 7.524206
24, 8, -0.1057319, 0.04125094, -0.9935388, -0.0409454, -0.1273008, -0.9910187, 177.6225, 186.0745, 291.3131, 187.3198, 182.3659, 197.83, 9.697327, 3.708603, -93.48306, -0.9207514, 0.3789676, 0.09273976, -0.9210986, -0.1756288, 0.3474648, 76.24901, 275.7515, 292.3713, 333.1853, 290.6679, 259.2048, 256.9363, -14.91638, -33.16653, -101.3735, -89.677, 1.058258, 145.8655, -108.302, 61.37479, 247.239, 18.62498, 60.31653, 8.595798
25, 1, -0.07727651, -0.06596101, -0.9948255, -0.007444797, -0.1258728, -0.9920185, 183.7934, 184.4417, 229.5169, 187.2314, 180.43, 183.3848, 3.437973, 4.011749, -46.13206, 0.2439061, 0.4873366, 0.8384587, 0.5160195, 0.7584489, 0.3980944, 30.1664, 16.21961, 26.58741, 62.30593, 52.35083, 34.22987, 32.13953, -36.13122, 7.642458, -153.627, 168.2221, -202.9295, -124.9254, 128.0791, -149.155, 28.70157, 40.14296, 53.77452, 7.284312
26, 5, -0.09922371, -0.02978495, -0.9946193, -0.05808339, -0.1264366, -0.9902728, 181.7153, 185.697, 253.2913, 187.2761, 183.3568, 204.6735, 5.560806, 2.34024, -48.61784, 0.3791395, -0.7304139, -0.5681098, 0.2850332, -0.9193121, -0.2713325, 232.1245, 146.282, 152.5673, 253.5562, 133.5894, 162.7739, 21.43166, 12.69269, 10.20662, 50.40926, 39.41496, -100.724, 66.28011, 49.76741, -41.89954, 15.87085, -10.35245, 58.82446, 9.140227
27, 7, -0.03758119, 0.05317272, -0.997878, -0.0255334, -0.1320334, -0.9909164, 176.9498, 182.1568, 324.7483, 187.5896, 181.476, 190.9451, 10.63977, 0.6807556, -133.8032, -0.09161716, 0.4245382, -0.9007628, 0.18879, 0.009915103, -0.9819674, 154.7651, 185.8076, 347.8221, 179.4215, 169.1173, 86.99364, 24.65643, 16.69034, -260.8284, -22.18477, -3.650818, 23.07382, -8.168106, 12.35876, -103.9514, 14.01666, -16.00958, -127.0253, 6.596408
28, 3, -0.06207793, 0.05533485, -0.9965362, -0.0299642, -0.135671, -0.9903007, 176.8218, 183.5646, 311.7131, 187.8009, 181.7331, 192.4544, 10.97916, 1.831451, -119.2587, 0.3156147, 0.3376582, -0.8867776, 0.3932093, 0.4546877, -0.799153, 159.1547, 160.4088, 43.0674, 150.3618, 153.8013, 40.85292, -8.792908, 6.607437, -2.214478, -17.66711, 23.15581, -268.6457, -37.43918, 27.93179, -151.6014, -19.77206, -4.775986, 117.0443, 6.963555
29, 0, -0.03010394, -0.05122068, -0.9982337, -0.001779448, -0.1293171, -0.9916016, 182.9373, 181.7274, 210.444, 187.4301, 180.1028, 180.7884, 4.492798, 1.624542, -29.65567, -0.7464812, -0.6623837, -0.06335592, -0.006805181, -0.929329, 0.36919, 264.5364, 265.1488, 228.416, 291.6662, 358.944, 180.4195, 27.12982, -93.79523, -47.99648, 81.59903, -83.42142, 17.97198, 104.2361, -178.8412, -0.3688202, 22.63702, 95.41977, -18.34081, 6.696377
30, 7, 0.05534949, -0.03766154, -0.9977565, 0.06081206, -0.1294636, -0.9897177, 182.1617, 176.8248, 124.2326, 187.4525, 176.4839, 154.8395, 5.290802, 0.3408813, 30.60687, -0.964041, 0.2510895, -0.08705886, -0.9226582, -0.1802555, 0.3408954, 109.1227, 264.8398, 284.5986, 332.1314, 290.2778, 258.9456, 223.0087, -25.43796, -25.65302, -73.03899, -88.01501, 160.366, 144.6789, -113.7939, 104.1061, 217.7179, 25.77884, -56.25989, 7.173704
31, 5, 0.06586172, -0.1065225, -0.9921268, 0.05478164, -0.1179377, -0.9915088, 186.1283, 176.202, 148.2719, 186.7833, 176.8376, 155.0853, 0.6550751, -0.6355438, 6.81337, -0.446628, 0.5603794, -0.6974946, -0.2866307, 0.719974, -0.6320446, 141.221, 212.6327, 321.4448, 131.279, 204.3942, 338.2919, -9.942017, 8.238541, 16.84708, -44.90726, -36.43069, 173.1729, -55.50435, -27.55661, 183.2066, -10.59709, -8.874084, 10.03371, 8.740417
32, 4, -0.05706713, -0.09952844, -0.993397, -0.01033262, -0.122659, -0.9923951, 185.7214, 183.2878, 209.8289, 187.046, 180.5965, 184.8152, 1.324585, 2.691299, -25.01372, 0.9668117, 0.2502756, -0.05135502, 0.9272681, -0.1699262, -0.3336148, 101.5958, 93.04058, 75.48661, 206.992, 109.7878, 100.3845, 105.3962, -16.74726, 24.89789, -84.12559, 90.24725, -134.3423, 19.946, 70.80869, -84.43066, 104.0716, 19.43856, 49.9116, 7.418922
33, 2, -0.09673887, -0.07313349, -0.9926193, -0.07695756, -0.1237734, -0.9893218, 184.2138, 185.5664, 232.9111, 187.1312, 184.448, 211.8718, 2.917404, 1.118378, -21.03935, -0.1809751, -0.5207362, -0.8343154, -0.1788198, -0.3556689, -0.9173457, 211.9702, 192.2387, 199.1642, 201.1921, 191.0304, 206.6919, -10.77818, 1.208237, 7.527664, 27.75647, -6.672318, -33.7469, 14.06088, -6.582458, -5.179886, -13.69559, -0.08985901, 28.56702, 7.229713
34, 6, -0.037494, -0.04563639, -0.9982542, -0.03280286, -0.1248259, -0.9916362, 182.6175, 182.151, 219.4059, 187.1746, 181.8946, 194.7238, 4.557068, 0.2563782, -24.68211, -0.7466455, -0.6611675, -0.07333541, -0.05476968, -0.9193955, 0.3895025, 263.6707, 264.3904, 228.4746, 292.96, 351.9958, 183.4092, 29.28925, -87.60544, -45.0654, 81.05319, -82.23941, 9.06868, 105.7854, -170.1012, -11.31461, 24.73218, 87.86182, -20.38329, 7.140153
35, 0, -0.03433938, -0.05033546, -0.9981418, -0.02023594, -0.1203279, -0.9925279, 182.8869, 181.9704, 214.3022, 186.9124, 181.168, 189.5463, 4.025513, 0.8023834, -24.75592, 0.3789897, 0.4804057, -0.7909346, 0.3858709, 0.4468041, -0.8071367, 148.7259, 154.3978, 38.26973, 151.0325, 154.4488, 40.81469, 2.306625, -0.0509491, 2.544956, -34.16101, 27.57257, -176.0325, -35.8799, 26.71924, -148.7316, -1.718887, 0.8533325, 27.30087, 7.830661
