SubjectID, Experiment, Height, Gender, Age, RandomOrderId, TrialArray
02DD, flat, 63", female, 17, 2, [2,0,3,4,1,5,7,8,6,1,5,8,6,3,4,7,2,0,8,5,6,0,4,2,3,7,1]
Trial, ObjectId, RealStartVectorX, RealStartVectorY, RealStartVectorZ, PerfectStartVectorX, PerfectStartVectorY, PerfectStartVectorZ, RealStartAngleX, RealStartAngleY, RealStartAngleZ, PerfectStartAngleX, PerfectStartAngleY, PerfectStartAngleZ, StartErrorX, StartErrorY, StartErrorZ, RealEndVectorX, RealEndVectorY, RealEndVectorZ, PerfectEndVectorX, PerfectEndVectorY, PerfectEndVectorZ, RealEndAngleX, RealEndAngleY, RealEndAngleZ, PerfectEndAngleX, PerfectEndAngleY, PerfectEndAngle, EndErrorX, EndErrorY, EndErrorZ, RealChangeX, RealChangeY, RealChangeZ, PerfectChangeX, PerfectChangeY, PerfectChangeZ, ChangeErrorX, ChangeErrorY, ChangeErrorZ, ElapsedTime
0, 2, 0.01595048, 0.1504873, -0.9884833, 0.03218989, -0.05840488, -0.9977739, 171.3437, 179.0755, 6.050317, 183.35, 178.1522, 151.1386, 12.00627, 0.9233704, 145.0883, -0.5470971, 0.1235434, 0.8279021, -0.8489235, 0.1436629, 0.5086156, 8.487315, 326.5423, 282.7249, 15.77279, 300.9271, 279.6051, 7.285474, 25.61523, -3.119751, -162.8564, -147.4668, 276.6746, -167.5772, -122.7749, 128.4665, -4.72081, -24.69186, -148.2081, 3.800929
1, 0, -0.017256, 0.1549811, -0.987767, 0.04106075, -0.06158819, -0.9972567, 171.083, 181.0008, 353.6467, 183.534, 177.6423, 146.3087, 12.451, 3.358582, -207.338, -0.2598992, -0.03275139, -0.9650803, -0.1729934, -0.1390964, -0.9750515, 181.9437, 195.0723, 262.8177, 188.1188, 190.0607, 231.1988, 6.175095, 5.011627, -31.61893, 10.86072, -14.0715, -90.82901, 4.584808, -12.41846, 84.89009, -6.275909, -1.653046, 175.7191, 2.720843
2, 3, 0.0265661, 0.07121294, -0.9971073, 0.04073417, -0.05645895, -0.9975736, 175.9149, 178.4738, 20.45811, 183.2393, 177.6617, 144.1902, 7.324356, 0.8121033, 123.7321, 0.9837287, 0.1521239, -0.09558334, 0.9906844, -0.01768698, -0.1350251, 122.1422, 95.54969, 81.2094, 187.4627, 97.76129, 91.02281, 65.3205, -2.211601, 9.813408, -53.77271, 82.92414, 60.7513, 4.223434, 79.90044, -53.16739, 57.99614, 3.023705, -113.9187, 3.153581
3, 4, -0.04256544, 0.1396191, -0.9892901, 0.03410595, -0.0603057, -0.9975971, 171.9669, 182.4637, 343.0452, 183.4594, 178.0419, 150.5096, 11.49251, 4.421768, -192.5356, 0.844529, 0.2792228, -0.4569527, 0.8167526, 0.2334105, -0.5276693, 148.5728, 118.4167, 71.7048, 156.1382, 122.8648, 74.05119, 7.565338, -4.44812, 2.346397, -23.39406, 64.04703, -271.3404, -27.32123, 55.17714, -76.45844, -3.92717, 8.869888, 194.882, 2.820473
4, 1, 0.07705835, 0.1400503, -0.9871414, 0.03020164, -0.06010789, -0.9977348, 171.9251, 175.5364, 28.82044, 183.4476, 178.2662, 153.3224, 11.52249, -2.729752, 124.502, -0.5105188, 0.2925038, -0.8085867, -0.3994543, 0.2439836, -0.8836902, 160.1126, 212.2672, 299.8107, 164.5654, 204.3244, 301.4163, 4.452805, 7.94278, 1.60553, -11.81252, -36.73074, 270.9903, -18.8822, -26.05821, 148.0938, -7.069687, -10.67253, -122.8965, 3.175185
5, 5, 0.05246289, 0.1119621, -0.9923267, 0.04387254, -0.05852532, -0.9973214, 173.5627, 176.9737, 25.10673, 183.3584, 177.4812, 143.1436, 9.795746, -0.5074921, 118.0368, -0.3609266, 0.09580695, 0.92766, -0.08567995, -0.3362183, 0.9378785, 5.896493, 338.7404, 284.8661, 340.2778, 354.7802, 194.2966, 334.3813, -16.03986, -90.56952, -167.6662, -161.7667, 259.7594, 156.9194, -177.2991, 51.15308, 324.5856, 15.53236, -208.6064, 3.602747
6, 7, 0.02170984, 0.03505254, -0.9991499, 0.07734484, -0.05777155, -0.9953292, 177.9908, 178.7553, 31.77206, 183.3219, 175.5566, 126.7573, 5.331116, 3.198669, 94.98527, 0.389867, 0.2869405, -0.8750252, 0.4674225, 0.05150601, -0.8825324, 161.8445, 155.9847, 53.64709, 176.6599, 152.0926, 83.71186, 14.81541, 3.892044, 30.06477, -16.14624, 22.7706, 21.87502, -6.661942, 23.46397, -43.04547, 9.484299, -0.6933746, -64.92049, 3.132246
7, 8, 0.02381116, 0.100733, -0.9946287, 0.0500677, -0.05593799, -0.9971781, 174.217, 178.6286, 13.29941, 183.2107, 177.1256, 138.1696, 8.993729, 1.502991, 124.8702, -0.02991041, 0.3184435, -0.94747, 0.232641, 0.05854613, -0.9707989, 161.4226, 181.8082, 354.6341, 176.5488, 166.5238, 75.87434, 15.12627, 15.28432, -278.7598, -12.79442, -3.179535, 341.3347, -6.66188, 10.60179, -62.29529, 6.132538, -13.78133, -403.63, 2.797866
8, 6, 0.02551424, 0.08740822, -0.9958459, 0.04911596, -0.05582434, -0.9972318, 174.9838, 178.5324, 16.27239, 183.204, 177.1803, 138.6577, 8.2202, 1.352036, 122.3853, 0.4594766, -0.008493846, 0.8881493, 0.7991863, -0.06836108, 0.5971834, 359.4521, 27.35441, 91.05904, 353.4696, 53.23147, 94.88908, -5.982422, -25.87706, 3.83004, 184.4682, 151.1779, 74.78665, 170.2656, 123.9489, -43.7686, -14.20262, 27.2291, -118.5553, 4.009964
9, 1, -0.02550908, 0.04785061, -0.9985287, 0.04376138, -0.05571817, -0.9974871, 177.2564, 181.4634, 331.938, 183.1971, 177.488, 141.8537, 5.94072, 3.975449, -190.0843, -0.4098747, 0.3407673, -0.8460972, -0.3797277, 0.2375321, -0.8940836, 158.0628, 205.8469, 309.7399, 165.1219, 203.0115, 302.0273, 7.059067, 2.835434, -7.712616, -19.19363, -24.38353, -22.19806, -18.07529, -25.52354, 160.1736, 1.118347, 1.140015, 182.3717, 3.088536
10, 5, -0.0866346, 0.1129649, -0.9898149, 0.03439147, -0.05725864, -0.9977668, 173.4892, 185.0021, 322.5148, 183.2844, 178.0259, 149.0096, 9.795258, 6.976227, -173.5053, 0.05467254, 0.02994198, 0.9980553, -0.1116699, -0.3397104, 0.9338772, 1.718377, 3.135476, 61.29222, 340.0105, 353.1812, 198.1968, 338.2921, -350.0457, 136.9046, -171.7708, 181.8666, -261.2226, 156.7261, -175.1553, 49.18723, 328.4968, 357.0219, 310.4098, 4.05185
11, 8, 0.0341517, 0.07957569, -0.9962436, -0.01159906, -0.05274162, -0.9985408, 175.4332, 178.0366, 23.22768, 183.0235, 180.6655, 192.4032, 7.590317, -2.628876, 169.1755, 0.2102917, 0.3975034, -0.8931789, 0.2213245, 0.05776917, -0.9734876, 156.0089, 166.7515, 27.88024, 176.6039, 167.1914, 75.37129, 20.59505, -0.4399414, 47.49105, -19.42429, 11.28517, 4.652563, -6.419556, 13.47411, -117.0319, 13.00473, -2.188934, -121.6844, 3.375909
12, 6, -0.01724367, -0.02076984, -0.9996358, 0.02894716, -0.04935408, -0.9983618, 181.1903, 180.9883, 219.7004, 182.8301, 178.3392, 149.6075, 1.639816, 2.649063, -70.09283, 0.2912744, 0.04144166, 0.9557415, 0.7200057, -0.08234107, 0.6890659, 2.482832, 16.94927, 81.90247, 353.1857, 46.25788, 96.5241, 350.7029, -29.30861, 14.62163, -178.7075, 164.039, -137.7979, 170.3556, 132.0813, -53.08343, 349.063, 31.95767, 84.71445, 3.91829
13, 3, 0.01058192, 0.1545418, -0.9879296, 0.04532196, -0.06154982, -0.9970745, 171.1093, 179.3863, 3.917094, 183.5324, 177.3974, 143.6341, 12.42313, 1.988907, 139.717, 0.9664902, 0.1671192, 0.1948537, 0.9876195, -0.01364852, -0.1562739, 40.61855, 78.60143, 80.18979, 184.9914, 98.99153, 90.79176, 144.3728, -20.39011, 10.60197, -130.4907, 100.7849, 76.2727, 1.458969, 78.40588, -52.84232, 131.9497, 22.37901, -129.115, 3.753149
14, 4, 0.01697045, 0.139697, -0.990049, 0.01634067, -0.05706258, -0.9982368, 171.9685, 179.018, 6.926374, 183.2717, 179.0622, 164.0202, 11.30313, -0.04418945, 157.0938, 0.885702, 0.2270367, -0.4049528, 0.7931099, 0.2398653, -0.5598583, 150.7228, 114.5704, 75.62263, 156.8078, 125.2184, 73.17278, 6.084976, -10.64796, -2.44986, -21.24568, 64.44759, 68.69626, -26.46384, 53.84381, -90.84741, -5.218155, 10.60378, -159.5437, 3.231876
15, 7, 0.1300008, 0.1631963, -0.9779913, 0.01888941, -0.05859079, -0.9981033, 170.5264, 172.4283, 38.54055, 183.3595, 178.9158, 162.1309, 12.83311, -6.487534, 123.5904, 0.6036922, 0.2879977, -0.7433798, 0.4501243, 0.05301855, -0.8913906, 158.8228, 140.9203, 64.49603, 176.5961, 153.2077, 83.28229, 17.77335, -12.2874, 18.78625, -11.70361, 31.50801, 25.95549, -6.763382, 25.70815, -78.84862, 4.940231, 5.799866, -104.8041, 3.108366
16, 2, 0.1520853, 0.1533377, -0.9764004, 0.01091289, -0.05718966, -0.9983037, 171.075, 171.1467, 44.76506, 183.2787, 179.3737, 169.1967, 12.20375, -8.22702, 124.4317, -0.78515, 0.4107977, 0.4634488, -0.8765788, 0.1282203, 0.4638633, 41.55355, 300.552, 297.619, 15.45177, 297.8867, 278.3218, -26.10178, 2.665344, -19.29715, -129.5214, -129.4053, 252.8539, -167.8269, -118.513, 109.1251, -38.30554, -10.89236, -143.7288, 3.241889
17, 0, 0.24145, 0.2030676, -0.9489285, 0.01229358, -0.05666638, -0.9983175, 167.9211, 165.7243, 49.93503, 183.2487, 179.2945, 167.7596, 15.32765, -13.57016, 117.8245, -0.2709359, -0.05691084, -0.9609137, -0.1755818, -0.1350956, -0.9751514, 183.3894, 195.7462, 258.1373, 187.8874, 190.2071, 232.4247, 4.498016, 5.539093, -25.71263, 15.46834, -30.02184, 208.2023, 4.638702, -10.91258, 64.66515, -10.82964, -19.10925, -143.5372, 4.109568
18, 8, 0.09555756, 0.08793888, -0.9915319, 0.015079, -0.05331082, -0.9984641, 174.9317, 174.4952, 47.37753, 183.0563, 179.1348, 164.2064, 8.124588, -4.639557, 116.8289, -0.1654919, 0.3368213, -0.9269109, 0.2227588, 0.05989657, -0.9730318, 160.0298, 190.123, 333.8335, 176.4775, 167.1053, 74.94997, 16.44766, 23.01767, -258.8835, -14.90186, -15.62779, 286.456, -6.578781, 12.02943, -89.25644, 8.323074, -27.65723, -375.7124, 3.009214
19, 5, 0.001256738, 0.1150569, -0.9933584, 0.01912819, -0.05268621, -0.9984279, 173.3931, 179.9275, 0.6258025, 183.0206, 178.9025, 160.0461, 9.627563, 1.025055, 159.4203, -0.115537, -0.08716201, 0.9894716, -0.1045259, -0.3527569, 0.9298584, 354.9659, 353.3399, 232.9688, 339.2249, 353.5863, 196.5051, -15.74091, -0.2463379, -36.46367, 181.5728, -173.4124, 232.343, 156.2043, -174.6838, 36.45901, -25.36847, 1.271393, -195.884, 4.341753
20, 6, -0.09661236, 0.05438025, -0.9938355, -0.07694956, -0.05513454, -0.9955094, 176.868, 185.5524, 299.3739, 183.17, 184.42, 234.3783, 6.301941, 1.132385, -64.99556, 0.8348297, 0.02796712, 0.5497974, 0.6592368, -0.0997361, 0.7452915, 2.912014, 56.63213, 88.08128, 352.3779, 41.4939, 98.60305, 349.4659, 15.13823, 10.52177, -173.956, 128.9202, -211.2926, 169.2079, 142.9261, -135.7753, 343.1639, -14.00584, 75.51732, 4.009706
21, 0, 0.1538835, 0.005666337, -0.9880729, -0.0707121, -0.04476149, -0.996492, 179.6714, 171.1478, 87.8912, 182.5719, 184.059, 237.6658, 2.900513, -12.91115, 149.7746, -0.2480376, -0.1061062, -0.9629221, -0.2104075, -0.1369927, -0.9679678, 186.2881, 194.4447, 246.8396, 188.0554, 192.2636, 236.9325, 1.767212, 2.181091, -9.907059, 6.616714, -23.29691, 158.9484, 5.483414, -8.204666, -0.7332306, -1.133301, -15.09224, -159.6816, 2.878517
22, 4, 0.06369165, -0.04110239, -0.997123, -0.05630743, -0.05002743, -0.9971594, 182.3605, 176.3452, 122.8355, 182.8721, 183.2319, 228.3799, 0.5116577, -6.886765, 105.5443, 0.8518311, 0.2115055, -0.4792177, 0.7779401, 0.2566778, -0.5735205, 156.1855, 119.361, 76.05573, 155.8892, 126.3987, 71.73993, -0.2962494, -7.037781, -4.315804, -26.175, 56.98421, -46.7798, -26.98291, 56.83319, -156.64, -0.8079071, 0.1510162, -109.8602, 3.986182
23, 2, -0.03519357, 0.09145784, -0.995187, -0.06351482, -0.05374216, -0.9965328, 174.7493, 182.0253, 338.9529, 183.0869, 183.6469, 229.7643, 8.337677, -1.621521, -109.1887, -0.7173053, 0.2222463, 0.6603633, -0.8941319, 0.128638, 0.4289293, 18.60074, 312.6332, 287.2148, 16.69424, 295.6278, 278.1869, -1.906496, 17.0054, -9.027893, -156.1485, -130.6078, -51.73813, -166.3927, -111.9809, 48.42267, -10.24417, -18.62692, 100.1608, 4.674965
24, 3, -0.07032043, 0.09902083, -0.9925976, -0.07095288, -0.05940174, -0.9957094, 174.3031, 184.0523, 324.6192, 183.4141, 184.0759, 230.0639, 9.111023, -0.02359009, -94.5553, 0.9885796, 0.1505587, -0.006535174, 0.9892206, -0.0148944, -0.1456738, 92.48543, 90.37876, 81.34052, 185.8379, 98.37724, 90.86263, 93.35249, -7.998474, 9.52211, -81.81764, 93.67358, -243.2787, 2.423828, 85.69869, -139.2013, 84.24147, 7.974884, 104.0774, 4.187467
25, 7, 0.0518421, 0.130209, -0.9901303, -0.07273374, -0.05842675, -0.9956386, 172.5082, 177.0028, 21.70974, 183.3584, 184.1782, 231.2252, 10.8502, -7.175385, 209.5155, 0.2761281, 0.3024516, -0.9122919, 0.4218383, 0.05383061, -0.9050717, 161.6581, 163.1602, 42.39503, 176.5963, 155.0106, 82.72781, 14.93813, 8.149658, 40.33278, -10.85008, 13.84254, 20.68529, -6.762161, 29.16759, -148.4974, 4.087921, -15.32504, -169.1827, 2.776644
26, 1, -0.04014866, 0.1016235, -0.9940125, -0.0660191, -0.05564902, -0.9962654, 174.1626, 182.3129, 338.4424, 183.1971, 183.7913, 229.8717, 9.03447, -1.478317, -108.5707, -0.4451732, 0.4678154, -0.7635244, -0.4581413, 0.2233014, -0.8603739, 148.504, 210.2443, 316.4207, 165.4505, 208.0349, 295.9849, 16.94649, 2.209442, -20.43573, -25.65863, -27.9314, -22.02173, -17.74661, -24.24364, 66.11324, 7.912018, -3.687759, 88.13496, 3.142936
