SubjectID, Experiment, Height, Gender, Age, RandomOrderId, TrialArray
05PK, full, 64", female, 24, 1, [5,1,3,4,0,2,8,6,7,8,4,7,1,3,6,5,0,2,3,0,8,7,2,5,4,6,1]
Trial, ObjectId, RealStartVectorX, RealStartVectorY, RealStartVectorZ, PerfectStartVectorX, PerfectStartVectorY, PerfectStartVectorZ, RealStartAngleX, RealStartAngleY, RealStartAngleZ, PerfectStartAngleX, PerfectStartAngleY, PerfectStartAngleZ, StartErrorX, StartErrorY, StartErrorZ, RealEndVectorX, RealEndVectorY, RealEndVectorZ, PerfectEndVectorX, PerfectEndVectorY, PerfectEndVectorZ, RealEndAngleX, RealEndAngleY, RealEndAngleZ, PerfectEndAngleX, PerfectEndAngleY, PerfectEndAngle, EndErrorX, EndErrorY, EndErrorZ, RealChangeX, RealChangeY, RealChangeZ, PerfectChangeX, PerfectChangeY, PerfectChangeZ, ChangeErrorX, ChangeErrorY, ChangeErrorZ, ElapsedTime
0, 5, -0.1139739, 0.008197542, -0.9934499, 0.003165462, 0.01823736, -0.9998287, 179.5272, 186.5447, 274.1139, 178.955, 179.8186, 9.846742, -0.5722198, 6.726059, -264.2672, 0.8871707, -0.01935699, -0.4610355, 0.9881997, 0.05135153, -0.1443066, 182.4042, 117.4595, 91.24993, 160.4119, 98.30817, 87.02532, -21.99232, 19.15134, -4.224609, 2.876968, 69.08514, -182.864, -18.54314, 81.51043, 77.17858, -21.4201, -12.42529, 260.0425, 6.693522
1, 1, -0.01977026, -0.07313, -0.9971265, -0.006756852, 0.02097531, -0.9997572, 184.1946, 181.1359, 195.1279, 178.7981, 180.3872, 342.1445, -5.39653, 0.748642, 147.0166, -0.3809431, 0.661624, -0.6458608, -0.2640908, 0.784907, -0.560515, 134.3093, 210.5331, 330.068, 125.5313, 205.2278, 341.4039, -8.778008, 5.305237, 11.33594, -49.88535, -29.39719, 134.94, -53.26682, -24.84059, -0.7406006, -3.381477, -4.556595, -135.6806, 3.566054
2, 3, 0.1355285, 0.04493478, -0.9897541, -0.008121014, 0.01549984, -0.9998469, 177.4006, 172.2029, 71.65694, 179.1119, 180.4654, 332.3481, 1.711304, -8.262466, 260.6911, -0.786719, -0.5374336, 0.3037079, -0.03219817, -0.8955153, 0.4438646, 299.4711, 291.1088, 235.6617, 296.3654, 355.851, 182.0592, -3.105682, -64.74225, -53.60257, 122.0706, -118.9059, 164.0048, 117.2536, -175.3857, -150.2889, -4.816986, 56.47978, -314.2937, 3.90822
3, 4, -0.01259851, -0.1561357, -0.9876552, -0.005813445, 0.02184779, -0.9997444, 188.9834, 180.7308, 184.6132, 178.7481, 180.3332, 345.0995, -10.23529, 0.397644, 160.4863, 0.8652014, 0.2576664, 0.4301563, 0.4070867, 0.799623, 0.441456, 30.92188, 63.5646, 73.4159, 61.09778, 42.68056, 26.98057, 30.1759, 20.88403, -46.43533, -158.0615, 117.1662, -111.1973, -117.6503, 137.6526, -318.119, 40.41119, -20.4864, -206.9217, 3.575959
4, 0, -0.07197617, 0.01698432, -0.997262, 0.002305782, 0.01695678, -0.9998536, 179.0243, 184.1281, 283.2773, 179.0284, 179.8679, 7.743584, 0.004089355, 4.260223, -275.5337, -0.575052, -0.1879936, -0.7962248, -0.1547069, -0.3244143, -0.9331779, 193.2846, 215.8377, 251.8966, 199.1697, 189.4132, 205.4956, 5.885132, 26.42453, -46.40103, 14.2603, -31.70959, -31.38068, 20.14134, -9.545288, 197.752, 5.881042, -22.16431, 229.1327, 3.61963
5, 2, 0.05739465, -0.04807109, -0.9971935, -0.009453686, 0.01825553, -0.9997886, 182.7599, 176.7059, 129.948, 178.9539, 180.5417, 332.6225, -3.805954, -3.835831, 202.6745, -0.7698135, -0.01067075, 0.6381797, -0.8822592, 0.1242165, 0.4540803, 359.0421, 309.6589, 269.2058, 15.29932, 297.2339, 278.0142, -343.7428, 12.42499, 8.80838, 176.2822, -132.953, 139.2579, -163.6546, -116.6922, -54.60825, -339.9368, -16.26082, -193.8661, 3.931082
6, 8, -0.04566095, -0.0442903, -0.9979748, 0.001365343, 0.01722176, -0.9998508, 182.5411, 182.6197, 225.873, 179.0132, 179.9218, 4.532935, -3.527893, 2.697906, -221.3401, 0.373771, 0.1389319, -0.917057, 0.1766514, 0.08736879, -0.9803882, 171.3853, 157.8253, 69.60973, 174.9075, 169.7858, 63.68378, 3.522125, -11.9604, -5.925949, -11.15579, 24.79431, -156.2632, -4.105774, 10.136, 59.15085, 7.050018, 14.65831, 215.4141, 2.688447
7, 6, -0.06466982, 0.01055155, -0.997851, -0.0005071333, 0.01624538, -0.9998679, 179.3942, 183.7081, 279.2668, 179.0692, 180.0291, 358.212, -0.3249969, 3.679031, 78.94522, 0.4254389, -0.3986712, -0.8124427, 0.3190094, -0.908168, -0.2710423, 206.1375, 152.361, 133.1396, 253.3823, 130.3525, 160.6453, 47.2448, 22.00856, 27.50566, 26.74333, 31.34708, -146.1271, 74.31313, 49.67661, -197.5667, 47.56979, -18.32953, -51.43956, 4.741247
8, 7, -0.01613534, -0.07394277, -0.9971321, 0.01505259, 0.0216256, -0.9996528, 184.241, 180.9271, 192.3098, 178.7607, 179.1373, 34.84001, -5.480316, 1.789749, -157.4698, 0.5812607, 0.1398533, -0.8016091, 0.3835472, 0.5256071, -0.7593607, 170.1035, 144.0535, 76.47158, 145.3102, 153.202, 36.11906, -24.79329, -9.148544, -40.35252, -14.13757, 36.87358, -115.8382, -33.45055, 25.93529, 1.279049, -19.31297, 10.93829, 117.1172, 4.396663
9, 8, -0.03518088, 0.103104, -0.9940482, 0.00449679, 0.01214394, -0.9999161, 174.0784, 182.0269, 341.1595, 179.3042, 179.7423, 20.31914, 5.2258, 2.284607, -320.8403, 0.5646607, 0.07349624, -0.8220443, 0.1839504, 0.08968708, -0.9788353, 174.891, 145.5149, 82.58407, 174.7648, 169.3567, 64.00793, -0.1261444, -23.84177, -18.57614, 0.8125763, 36.51202, -258.5754, -4.539368, 10.38565, 43.68879, -5.351944, 26.12637, 302.2642, 2.987835
10, 4, 0.01066326, 0.04161585, -0.9990768, -0.0003810415, 0.01623352, -0.9998682, 177.6148, 179.3885, 14.37174, 179.0698, 180.0218, 358.6554, 1.455078, -0.6333313, 344.2836, 0.9069992, 0.2117523, 0.3640243, 0.4237195, 0.8050185, 0.4152193, 30.1865, 68.13194, 76.85883, 62.71584, 45.58051, 27.75996, 32.52934, 22.55143, -49.09887, -147.4283, 111.2566, 62.48709, -116.354, 134.4413, -330.8954, 31.07426, -23.18476, -393.3825, 3.408553
11, 7, -0.02447236, -0.02025481, -0.9994955, -0.004930409, 0.01882293, -0.9998107, 181.1609, 181.4026, 230.3868, 178.9214, 180.2825, 345.3219, -2.239487, 1.120041, 114.9351, 0.4539218, 0.106932, -0.884602, 0.3720689, 0.5270911, -0.7640285, 173.1074, 152.836, 76.74431, 145.3988, 154.0347, 35.21793, -27.7086, -1.198746, -41.52638, -8.053497, 28.56662, -153.6425, -33.52261, 26.24783, -310.104, -25.46912, 2.318787, -156.4615, 3.576504
12, 1, -0.06351417, 0.08446714, -0.9944001, -0.006249038, 0.01454279, -0.9998747, 175.1448, 183.6546, 323.0591, 179.1667, 180.3581, 336.7468, 4.021927, 3.296524, 13.68774, -0.2514249, 0.7091807, -0.6586719, -0.2614172, 0.7807349, -0.567551, 132.8853, 200.8926, 340.4791, 126.0151, 204.7311, 341.4877, -6.870209, -3.83847, 1.008545, -42.25951, -17.23798, 17.42007, -53.15164, -24.37297, 4.740875, -10.89214, 7.134995, -12.6792, 3.331468
13, 3, 0.007094969, -0.05746047, -0.9983227, -0.002050881, 0.02146675, -0.9997675, 183.2941, 179.5928, 172.961, 178.7699, 180.1175, 354.5427, -4.5242, -0.524704, 181.5817, -0.3667981, -0.7212486, 0.587588, -0.02916393, -0.9273024, 0.3731753, 309.1691, 328.0258, 206.9561, 291.9214, 355.5314, 181.8014, -17.24768, -27.50558, -25.15468, 125.8749, -148.433, 33.99506, 113.1514, -175.4138, -172.7413, -12.72348, 26.98088, -206.7363, 3.521445
14, 6, -0.09107765, -0.09974289, -0.9908361, -0.001658824, 0.02085042, -0.9997812, 185.7483, 185.2519, 222.4, 178.8053, 180.0951, 355.4512, -6.943069, 5.156799, 133.0513, 0.3788419, -0.6098732, -0.6960844, 0.3277539, -0.9100169, -0.2538631, 221.2232, 151.4429, 148.1522, 254.4128, 127.7597, 160.1929, 33.18959, 23.68317, 12.04066, 35.47482, 33.80898, -74.24774, 75.60748, 52.33535, -195.2583, 40.13266, -18.52637, -121.0106, 4.130032
15, 5, -0.05514626, 0.0003490692, -0.9984782, 0.001607505, 0.01653737, -0.999862, 179.98, 183.1613, 270.3627, 179.0524, 179.9079, 5.551959, -0.9275208, 3.253372, -264.8107, 0.9991717, -0.03767574, -0.01537585, 0.9823283, 0.05207129, -0.1797769, 247.7991, 90.88163, 92.15943, 163.8467, 100.371, 86.96571, -83.95247, -9.489357, -5.193726, 67.81917, 92.27962, -178.2032, -15.20578, 79.5369, 81.41375, -83.02495, 12.74273, 259.617, 3.17604
16, 0, -0.0673677, -0.02507331, -0.9974132, -0.006650706, 0.01847637, -0.9998072, 181.44, 183.864, 249.5854, 178.9413, 180.3811, 340.2033, -2.498718, 3.48291, 90.61783, -0.3925527, -0.3195318, -0.8624396, -0.153594, -0.3207223, -0.9346369, 200.3295, 204.4734, 230.8549, 198.9398, 189.3323, 205.5898, -1.389786, 15.14107, -25.26518, 18.88953, -20.60934, -18.7305, 19.99846, -8.951187, -134.6135, 1.108932, -11.65816, -115.883, 3.863726
17, 2, 0.08258223, -0.06442635, -0.9944997, -0.009818872, 0.01837284, -0.999783, 183.7066, 175.2531, 127.9595, 178.9472, 180.5627, 331.8789, -4.759384, -5.30957, 203.9194, -0.906853, -0.0723708, 0.4151869, -0.8809072, 0.1290479, 0.4553561, 350.1122, 294.5999, 265.4372, 15.82273, 297.3352, 278.3342, -334.2895, -2.735352, 12.897, 166.4056, -119.3467, 137.4777, -163.1245, -116.7725, -53.54468, -329.5301, -2.574219, -191.0224, 4.14323
18, 3, -0.1177411, -0.08319315, -0.9895537, -0.003818372, 0.01978765, -0.9997969, 184.8056, 186.7854, 234.7558, 178.8662, 180.2188, 349.078, -5.939468, 6.566559, 114.3222, -0.3436083, -0.5355449, 0.7714435, -0.06228922, -0.9202598, 0.3863185, 325.2312, 335.9914, 212.6844, 292.7723, 350.8406, 183.8722, -32.45886, -14.84921, -28.81219, 140.4255, -149.206, -22.07141, 113.9061, -170.6218, -165.2058, -26.51939, 21.41577, -143.1344, 4.063551
19, 0, -0.099122, -0.1956451, -0.9756527, -0.006875661, 0.02499107, -0.999664, 191.339, 185.8011, 206.8687, 178.5679, 180.3941, 344.6171, -12.77104, 5.407013, 137.7484, -0.5336421, -0.2559595, -0.8060467, -0.1511863, -0.3258435, -0.933257, 197.6172, 213.5065, 244.3755, 199.2465, 189.2019, 204.8905, 1.629272, 24.30461, -39.48491, 6.278229, -27.70541, 37.50677, 20.67854, -8.807816, -139.7265, 14.40031, -18.8976, -177.2333, 3.986269
20, 8, -0.1489441, -0.1573716, -0.9762428, -0.004504168, 0.02165306, -0.9997554, 189.1574, 188.6747, 223.4241, 178.7593, 180.2581, 348.2492, -10.3981, 8.416519, 124.8251, 0.3101538, -0.04562587, -0.949591, 0.1818784, 0.09197867, -0.9790098, 182.7508, 161.912, 98.36861, 174.6328, 169.4757, 63.17358, -8.118042, -7.563675, -35.19503, -6.40654, 26.76263, -125.0555, -4.12648, 10.78244, -285.0756, 2.28006, 15.98019, -160.0201, 3.498524
21, 7, -0.03186686, -0.0570678, -0.9978617, -0.004336689, 0.01874638, -0.9998149, 183.2732, 181.8291, 209.1792, 178.9258, 180.2485, 346.9746, -4.347336, 1.580612, 137.7955, 0.6622676, -0.05577813, -0.7471886, 0.3621444, 0.5308886, -0.766165, 184.2692, 138.448, 94.81426, 145.2813, 154.7012, 34.29976, -38.98798, -16.25327, -60.5145, 0.9960632, 43.38116, -114.3649, -33.64458, 25.54729, -312.6748, -34.64064, 17.83388, -198.3099, 3.663356
22, 2, -0.02043234, 0.01635343, -0.9996576, 0.01286982, 0.01477456, -0.999808, 179.0628, 181.1709, 308.6727, 179.1534, 179.2625, 41.05846, 0.09060669, 1.908401, -267.6143, -0.8883394, -0.05713774, 0.4556187, -0.871291, 0.1244423, 0.4747274, 352.852, 297.1527, 266.3198, 14.6887, 298.584, 278.1283, -338.1633, -1.431244, 11.80847, 173.7892, -115.9818, -42.35291, -164.4647, -119.3215, 237.0698, -338.2539, 3.339645, 279.4227, 3.718431
23, 5, -0.01725695, -0.05625439, -0.9982674, 0.01069258, 0.01778804, -0.9997846, 183.2253, 180.9904, 197.0542, 178.9807, 179.3873, 31.01054, -4.244598, 1.603119, -166.0437, 0.96732, 0.04858181, 0.2488609, 0.9763244, 0.0450406, -0.2115703, 11.04617, 75.57248, 87.12484, 167.9819, 102.227, 87.35866, 156.9357, -26.65451, 0.2338181, -172.1791, 105.4179, -109.9294, -10.99884, 77.16026, 56.34811, 161.1803, 28.25763, 166.2775, 3.509552
24, 4, -0.001909534, -0.04782517, -0.9988541, 0.005057476, 0.01948282, -0.9997974, 182.7412, 180.1095, 182.2865, 178.8836, 179.7102, 14.55202, -3.857605, 0.3993683, -167.7344, 0.8144315, 0.1514227, 0.560154, 0.405414, 0.7950016, 0.4512337, 15.12684, 55.48038, 79.46758, 60.42126, 41.93833, 27.01948, 45.29442, 13.54205, -52.4481, -167.6144, 124.6292, -102.8189, -118.4624, 137.7719, 12.46746, 49.15202, -13.14268, 115.2863, 3.831794
25, 6, -0.001133303, 0.02517024, -0.9996825, -0.007694634, 0.01810651, -0.9998065, 178.5577, 180.0649, 357.422, 178.9625, 180.4409, 336.9762, 0.4047852, -0.3760071, -20.44577, 0.3478094, -0.5751425, -0.7404322, 0.3279757, -0.9071422, -0.263676, 217.8389, 154.8387, 148.8371, 253.7926, 128.7975, 160.1226, 35.95375, 26.0412, 11.28551, 39.28114, 25.2262, -208.5848, 74.83011, 51.6434, -176.8536, 35.54897, -26.41721, 31.73128, 3.632186
26, 1, -0.0327217, 0.04024773, -0.9986539, 0.009943763, 0.01612115, -0.9998206, 177.6921, 181.8767, 320.8886, 179.0762, 179.4302, 31.66689, 1.384125, 2.446487, -289.2217, -0.2662938, 0.6503962, -0.7113877, -0.2546422, 0.7836939, -0.566552, 137.5645, 200.5224, 337.7342, 125.8641, 204.202, 341.9997, -11.70033, -3.679611, 4.265533, -40.12766, -18.64572, 16.84552, -53.21211, -24.77182, 310.3328, -13.08446, 6.126099, 293.4873, 3.809256
