SubjectID, Experiment, Height, Gender, Age, RandomOrderId, TrialArray
01LB, flat, 65", female, 27, 2, [2,0,3,4,1,5,7,8,6,1,5,8,6,3,4,7,2,0,8,5,6,0,4,2,3,7,1]
Trial, ObjectId, RealStartVectorX, RealStartVectorY, RealStartVectorZ, PerfectStartVectorX, PerfectStartVectorY, PerfectStartVectorZ, RealStartAngleX, RealStartAngleY, RealStartAngleZ, PerfectStartAngleX, PerfectStartAngleY, PerfectStartAngleZ, StartErrorX, StartErrorY, StartErrorZ, RealEndVectorX, RealEndVectorY, RealEndVectorZ, PerfectEndVectorX, PerfectEndVectorY, PerfectEndVectorZ, RealEndAngleX, RealEndAngleY, RealEndAngleZ, PerfectEndAngleX, PerfectEndAngleY, PerfectEndAngle, EndErrorX, EndErrorY, EndErrorZ, RealChangeX, RealChangeY, RealChangeZ, PerfectChangeX, PerfectChangeY, PerfectChangeZ, ChangeErrorX, ChangeErrorY, ChangeErrorZ, ElapsedTime
0, 2, 0.07611441, 0.2159468, -0.973434, 0.01817464, -0.1090726, -0.9938676, 167.4921, 175.5291, 19.41594, 186.2629, 178.9524, 170.5398, 18.77083, -3.423309, 151.1238, -0.8448915, 0.07758415, 0.5292816, -0.9117842, 0.04964545, 0.4076579, 8.339248, 302.0651, 275.2466, 6.943412, 294.0894, 273.1166, -1.395836, 7.975677, -2.130005, -159.1528, -126.536, 255.8307, -179.3195, -115.137, 102.5768, -20.16667, -11.39899, -153.2538, 4.330672
1, 0, 0.1209681, 0.1321246, -0.9838242, 0.01710424, -0.1068853, -0.9941242, 172.3511, 172.9903, 42.47599, 186.1367, 179.0143, 170.9084, 13.78558, -6.024033, 128.4324, -0.1073258, -0.2064907, -0.9725446, -0.177595, -0.1539255, -0.9719912, 191.987, 186.2974, 207.4637, 188.9987, 190.3544, 229.0838, -2.988342, -4.057007, 21.62016, 19.63591, -13.30716, 164.9877, 2.861984, -11.34013, 58.17545, -16.77393, -1.967026, -106.8122, 2.720616
2, 3, 0.0242482, 0.1057376, -0.9940984, 0.008692145, -0.1040064, -0.9945386, 173.9285, 178.6027, 12.91599, 185.9702, 179.4993, 175.2227, 12.04161, -0.8965454, 162.3067, 0.994428, 0.103221, -0.02140914, 0.983975, -0.07753503, -0.1605665, 101.7176, 91.23334, 84.07395, 205.7752, 99.26792, 94.50547, 104.0575, -8.034584, 10.43152, -72.21093, 87.36937, 71.15796, 19.80501, 80.23133, -80.71725, 92.01594, 7.138039, -151.8752, 3.153686
3, 4, 0.01387072, 0.09374325, -0.9954999, 0.02845567, -0.1001844, -0.9945619, 174.6205, 179.2017, 8.416702, 185.7521, 178.3611, 164.1437, 11.13164, 0.8405762, 155.727, 0.7739555, 0.2379531, -0.5868319, 0.8040991, 0.1915563, -0.5627884, 157.9281, 127.1703, 72.90992, 161.203, 124.9881, 76.60048, 3.274902, 2.182152, 3.690559, -16.69244, 52.03143, 64.49322, -24.54918, 53.373, -87.54324, -7.856735, -1.341576, -152.0365, 3.674742
4, 1, 0.09510323, 0.03038542, -0.9950038, 0.03858094, -0.09956004, -0.9942833, 178.2509, 174.5402, 72.28135, 185.7181, 177.7779, 158.8179, 7.467255, -3.237686, 86.53658, -0.1786419, 0.3023901, -0.9362945, -0.3759787, 0.1899192, -0.9069569, 162.1014, 190.802, 329.4268, 168.173, 202.5164, 296.7998, 6.071625, -11.71442, -32.62698, -16.14948, -16.26181, 257.1455, -17.5451, -24.73854, 137.9819, -1.39563, 8.47673, -119.1636, 2.751804
5, 5, 0.06038781, 0.002748776, -0.9981713, 0.03752657, -0.09777819, -0.9945005, 179.8422, 176.5379, 87.39377, 185.6152, 177.839, 159.0036, 5.77301, -1.301102, 71.60979, -0.2287828, -0.2034362, 0.9519833, -0.253717, -0.469097, 0.8459171, 347.9375, 346.4868, 228.3562, 330.9898, 343.3044, 208.4073, -16.94772, 3.182434, -19.94885, 168.0953, -169.9489, 140.9624, 145.3746, -165.4654, 49.40375, -22.72073, -4.483536, -91.55864, 4.209334
6, 7, 0.08855007, 0.143816, -0.9856347, 0.02664059, -0.1092687, -0.9936551, 171.6984, 174.8663, 31.62135, 186.2754, 178.4642, 166.2982, 14.57695, -3.597916, 134.6768, 0.6022095, 0.1477405, -0.7845486, 0.442683, 0.02796161, -0.8962421, 169.3354, 142.4906, 76.21583, 178.213, 153.7137, 86.38577, 8.877655, -11.22311, 10.16994, -2.363068, 32.37569, 44.59448, -8.062363, 24.75049, -79.91238, -5.699295, 7.625198, -124.5069, 3.486294
7, 8, 0.07148696, 0.1406129, -0.9874805, 0.01147092, -0.1066192, -0.9942337, 171.8958, 175.8594, 26.94859, 186.1209, 179.339, 173.8593, 14.22504, -3.479584, 146.9107, 0.3848325, 0.3119005, -0.8686901, 0.2091563, 0.03609197, -0.9772159, 160.2495, 156.1065, 50.9758, 177.8848, 167.9191, 80.20947, 17.63533, -11.81259, 29.23367, -11.64633, 19.75288, 24.02721, -8.236038, 11.41988, -93.64983, 3.410294, 8.333008, -117.677, 3.59746
8, 6, 0.079563, 0.06486239, -0.9947175, 0.01876766, -0.1030944, -0.9944945, 176.2692, 175.4269, 50.81194, 185.9184, 178.9189, 169.6827, 9.649216, -3.491959, 118.8707, 0.5817987, -0.05782636, 0.8112745, 0.7972351, -0.1733939, 0.5782307, 355.9229, 35.64588, 95.67612, 343.3076, 54.04681, 102.2704, -12.61533, -18.40092, 6.594276, 179.6537, 139.781, 44.86418, 157.3892, 124.8721, -67.41226, -22.26454, 14.90897, -112.2764, 4.709572
9, 1, -0.021179, 0.149427, -0.988546, -0.000631271, -0.1061892, -0.9943458, 171.4043, 181.2273, 351.9329, 186.0957, 180.0364, 180.3406, 14.69133, 1.190964, -171.5923, -0.1409235, 0.2991188, -0.9437524, -0.3993956, 0.1904124, -0.8967866, 162.4142, 188.4928, 334.7735, 168.0126, 204.0064, 295.4895, 5.598373, -15.51363, -39.284, -8.990158, -7.265457, -17.15939, -18.08311, -23.97005, 115.1489, -9.092957, 16.70459, 132.3083, 3.576417
10, 5, 0.0499241, 0.05149363, -0.9974246, 0.02514277, -0.1007933, -0.9945896, 177.0446, 177.1346, 44.11337, 185.7867, 178.5519, 165.9935, 8.742065, -1.417328, 121.8801, -0.2507743, -0.3285209, 0.9105967, -0.2640017, -0.458636, 0.8485023, 340.1618, 344.6027, 217.3561, 331.6077, 342.7171, 209.9257, -8.554108, 1.88562, -7.430328, 163.1172, -167.4681, 173.2427, 145.821, -164.1652, 43.93225, -17.29617, -3.302948, -129.3104, 4.842415
11, 8, 0.07888879, 0.259888, -0.962411, 0.01659123, -0.1131753, -0.9934365, 164.8884, 175.3139, 16.88562, 186.4993, 179.0432, 171.66, 21.6109, -3.729263, 154.7744, 0.3428518, 0.3653404, -0.865436, 0.2188519, 0.03615842, -0.9750879, 157.1131, 158.3885, 43.18118, 177.8763, 167.35, 80.61842, 20.76318, -8.961502, 37.43723, -7.775238, 16.92546, 26.29556, -8.622955, 11.69322, -91.04157, -0.8477173, 5.232239, -117.3371, 3.942149
12, 6, 0.06226207, 0.08360805, -0.9945517, 0.0276148, -0.1025991, -0.9943394, 175.1947, 176.4178, 36.67468, 185.8911, 178.4092, 164.9357, 10.69644, -1.991425, 128.261, 0.6719228, -0.2101154, 0.710191, 0.811434, -0.157248, 0.5628925, 343.5187, 43.41399, 107.3649, 344.3919, 55.25092, 100.9674, 0.8731689, -11.83693, -6.397446, 168.3241, 133.0038, 70.69019, 158.5008, 123.1583, -63.96829, -9.823273, 9.845505, -134.6585, 5.227887
13, 3, 0.01288341, 0.2022658, -0.9792461, 0.02674226, -0.1110306, -0.9934571, 168.3295, 179.2462, 3.644558, 186.377, 178.4581, 166.458, 18.04749, 0.7881775, 162.8134, 0.9911218, 0.09206279, 0.09592684, 0.9851847, -0.07307708, -0.1551473, 43.82248, 84.47179, 84.69317, 205.2213, 98.94946, 94.24221, 161.3988, -14.47768, 9.549042, -124.507, 94.77446, 81.04861, 18.84424, 79.50861, -72.21575, 143.3513, 15.26585, -153.2644, 3.896331
14, 4, 0.115427, 0.07285754, -0.9906405, 0.04007043, -0.1078564, -0.9933586, 175.7937, 173.354, 57.73989, 186.1967, 177.69, 159.6191, 10.40305, -4.336029, 101.8792, 0.7544607, 0.3664323, -0.5445333, 0.8234519, 0.1920307, -0.5339018, 146.0622, 125.8199, 64.09472, 160.2177, 122.9582, 76.87311, 14.15543, 2.861755, 12.77839, -29.73146, 47.53407, 6.354832, -25.97908, 54.73185, -82.74602, 3.75238, -7.197784, -89.10085, 3.697283
15, 7, 0.124759, 0.02469132, -0.9918799, 0.05036814, -0.1039285, -0.9933086, 178.574, 172.831, 78.80514, 185.9731, 177.0972, 154.1432, 7.399048, -4.266205, 75.33808, 0.5291333, 0.2964316, -0.7950764, 0.4660894, 0.02602326, -0.8843548, 159.5528, 146.3557, 60.74154, 178.3145, 152.209, 86.80431, 18.76166, -5.853287, 26.06278, -19.02116, 26.47522, -18.0636, -7.658554, 24.88814, -67.33891, 11.36261, 1.587082, -49.2753, 3.065498
16, 2, 0.03341103, -0.01231941, -0.9993657, 0.05321527, -0.103216, -0.9932343, 180.7063, 178.0852, 110.2401, 185.9328, 176.9332, 152.7256, 5.226563, 1.152039, 42.48557, -0.8753826, 0.09279598, 0.4744409, -0.8784761, 0.04793365, 0.4753758, 11.06678, 298.4568, 276.0511, 5.757854, 298.4195, 273.1232, -5.308927, 0.03738403, -2.927887, -169.6395, -120.3717, 165.811, -180.175, -121.4863, 120.3976, -10.53549, 1.114655, -45.41345, 5.129638
17, 0, 0.04175102, 0.2194076, -0.9747395, 0.03078867, -0.1164751, -0.9927163, 167.3145, 177.5473, 10.77399, 186.6919, 178.2236, 165.1933, 19.37738, -0.6762238, 154.4193, -0.1735711, -0.08025271, -0.981546, -0.1689542, -0.1600778, -0.9725378, 184.6742, 190.0282, 245.186, 189.347, 189.8554, 226.5453, 4.67276, 0.172821, -18.64064, 17.35968, -12.48083, 234.412, 2.65506, -11.63179, 61.35205, -14.70462, -0.8490448, -173.0599, 2.863734
18, 8, 0.09810068, 0.1600957, -0.9822148, 0.03508249, -0.112362, -0.9930478, 170.7425, 174.2964, 31.49841, 186.4555, 177.9767, 162.6602, 15.71297, -3.680298, 131.1618, 0.319355, 0.3522249, -0.8797445, 0.2267521, 0.03634058, -0.9732743, 158.1802, 160.0487, 42.19794, 177.8616, 166.8853, 80.89488, 19.68141, -6.836594, 38.69695, -12.56227, 14.24773, 10.69953, -8.593826, 11.09143, -81.76532, 3.968445, 3.156296, -92.46485, 4.044617
19, 5, 0.07380671, 0.03639104, -0.9966083, 0.04106023, -0.1049364, -0.9936309, 177.9088, 175.7645, 63.754, 186.0286, 177.6337, 158.6302, 8.119827, -1.869156, 94.87625, -0.0776657, -0.3109598, 0.9472445, -0.2230435, -0.4237308, 0.8778974, 341.8261, 355.3127, 194.0234, 334.235, 345.7447, 207.7614, -7.591125, 9.568024, 13.73807, 163.9173, -179.5482, 130.2694, 148.2064, -168.111, 49.13118, -15.71095, -11.43718, -81.13818, 3.730772
20, 6, 0.02871211, 0.03706921, -0.9989002, 0.05790724, -0.1089913, -0.9923546, 177.8747, 178.3536, 37.75972, 186.2677, 176.6604, 152.0182, 8.393005, 1.693176, 114.2585, 0.7205377, -0.1314727, 0.680838, 0.8129546, -0.1624007, 0.5592234, 349.0705, 46.6227, 100.3407, 343.8065, 55.4763, 101.297, -5.263977, -8.8536, 0.9563446, 171.1957, 131.7309, 62.58098, 157.5388, 121.1841, -50.72118, -13.65698, 10.54678, -113.3022, 3.843108
21, 0, -0.01069958, 0.210644, -0.9775043, 0.03415188, -0.106496, -0.9937264, 167.8392, 180.6271, 357.0922, 186.1169, 178.0317, 162.2196, 18.27774, 2.595459, -194.8726, -0.08497119, -0.06495976, -0.9942637, -0.1667553, -0.1574206, -0.9733506, 183.7381, 184.8847, 232.6024, 189.1869, 189.7216, 226.6494, 5.448853, -4.836868, -5.953003, 15.89886, -4.257584, -124.4898, 3.069977, -11.68991, 64.42975, -12.82889, 7.432327, 188.9196, 2.799411
22, 4, 0.07552323, 0.154889, -0.9850411, 0.04807192, -0.1070457, -0.9930913, 171.0639, 175.6157, 25.99367, 186.1522, 177.2287, 155.8162, 15.08826, -1.612976, 129.8225, 0.797299, 0.3137965, -0.5156027, 0.8131195, 0.1927038, -0.5492741, 148.6753, 122.8902, 68.51668, 160.6674, 124.0396, 76.66727, 11.99216, -1.149384, 8.150597, -22.38866, 52.72549, 42.52301, -25.48476, 53.18909, -79.1489, -3.0961, -0.4635925, -121.6719, 3.841965
23, 2, -0.06297783, 0.01580056, -0.9978899, 0.06127717, -0.1034858, -0.9927416, 179.0929, 183.6112, 284.0843, 185.9512, 176.4679, 149.3689, 6.858292, 7.143311, -134.7154, -0.513352, 0.1198012, 0.849775, -0.9090405, 0.04866951, 0.4138559, 8.024667, 328.8637, 283.136, 6.707185, 294.4782, 273.0646, -1.317482, 34.38547, -10.07141, -171.0682, -145.2525, -0.9482117, -179.244, -118.0103, 123.6957, -8.175781, -27.24216, 124.644, 3.975318
24, 3, 0.1303617, -0.7186752, -0.6830168, 0.03795508, -0.05300554, -0.9978727, 226.4573, 169.1944, 169.7188, 183.0406, 177.8217, 144.3951, -43.41666, -8.627365, -25.3237, 0.9953247, 0.08073977, 0.05300872, 0.972643, -0.07672114, -0.2192707, 56.71358, 86.95144, 85.36238, 199.2845, 102.7043, 94.5101, 142.571, -15.75283, 9.14772, -169.7437, 82.24294, -84.35643, 16.24394, 75.11748, -49.88501, 185.9876, 7.125465, 34.47142, 3.731067
25, 7, 0.1288337, 0.1454328, -0.9809443, 0.01678529, -0.10234, -0.9946079, 171.5669, 172.5178, 41.53658, 185.8748, 179.0332, 170.6856, 14.30789, -6.51535, 129.149, 0.4696924, 0.31088, -0.8262826, 0.4412125, 0.0248235, -0.8970593, 159.3817, 150.3844, 56.50023, 178.4149, 153.81, 86.77982, 19.03319, -3.42569, 30.2796, -12.18513, 22.13345, 14.96364, -7.459839, 25.22311, -83.90574, 4.725296, -3.089661, -98.86938, 3.797752
26, 1, 0.009563819, -0.07253227, -0.9973204, 0.02630358, -0.09558006, -0.9950742, 184.1596, 179.4506, 172.4885, 185.4866, 178.4858, 164.6131, 1.326981, 0.9647827, -7.875412, -0.1446459, 0.3559625, -0.923238, -0.3899904, 0.1808661, -0.9028815, 158.9154, 188.9043, 337.8856, 168.6724, 203.3614, 294.8805, 9.756958, -14.45714, -43.00507, -25.24422, -9.45369, 165.397, -16.81424, -24.87561, 130.2674, 8.429977, 15.42192, -35.12965, 3.58843
