SubjectID, Experiment, Height, Gender, Age, TrialArray
gayathri, flat, 333, female, 333, [3,5,2,7,4,0,6,3,0,8,1,2,3,6,7,0,4,7,8,5,8,4,1,1,2,6,5]
Trial, ObjectId, RealStartVectorX, RealStartVectorY, RealStartVectorZ, PerfectStartVectorX, PerfectStartVectorY, PerfectStartVectorZ, RealStartAngleX, RealStartAngleY, RealStartAngleZ, PerfectStartAngleX, PerfectStartAngleY, PerfectStartAngleZ, StartErrorX, StartErrorY, StartErrorZ, RealEndVectorX, RealEndVectorY, RealEndVectorZ, PerfectEndVectorX, PerfectEndVectorY, PerfectEndVectorZ, RealEndAngleX, RealEndAngleY, RealEndAngleZ, PerfectEndAngleX, PerfectEndAngleY, PerfectEndAngle, EndErrorX, EndErrorY, EndErrorZ, RealChangeX, RealChangeY, RealChangeZ, PerfectChangeX, PerfectChangeY, PerfectChangeZ, ChangeErrorX, ChangeErrorY, ChangeErrorZ, ElapsedTime
0, 3, -0.346521, -0.2235267, -0.9110209, -0.05379692, -0.08844113, -0.9946276, 193.7857, 200.8251, 237.1756, 185.0813, 183.096, 211.3113, -8.704361, 17.72913, -25.86427, 0.9949806, 0.06818102, -0.07324787, 0.9674342, -0.0870521, -0.2376826, 137.0518, 94.21037, 86.07994, 200.1154, 103.8032, 95.14177, 63.06361, -9.592865, 9.061829, -56.73386, 106.6147, -151.0956, 15.03412, 79.29272, -116.1695, 71.76797, 27.32199, 34.9261, 6.744325
1, 5, -0.01399888, 0.02782898, -0.9995149, -0.05584525, -0.09352239, -0.9940497, 178.4052, 180.8024, 333.2961, 185.3747, 183.2155, 210.8428, 6.969543, -2.413055, -122.4534, -0.7270367, -0.3980368, 0.55945, -0.554664, -0.5372076, 0.6354178, 324.569, 307.5781, 241.3002, 319.7875, 318.8819, 225.9159, -4.781494, -11.30383, -15.38431, 146.1638, -126.7757, -91.9959, 134.4128, -135.6664, 15.07315, -11.75104, 8.890778, 107.069, 3.720298
2, 2, -0.7791879, -0.4061076, 0.4774338, -0.005912535, -0.06596641, -0.9978043, 319.6154, 301.4972, 242.4718, 183.7824, 180.3395, 185.1217, -135.833, 121.1577, -57.35007, -0.9961466, 0.07890866, -0.03828382, -0.9944612, 0.03888731, 0.09764532, 115.8811, 267.7991, 274.5292, 21.71495, 275.6078, 272.2393, -94.16615, -7.808746, -2.289825, -203.7343, 33.69806, 32.0574, -162.0674, -95.26834, 87.11765, 41.66681, 128.9664, 55.06024, 5.996366
3, 7, -0.1404427, 0.08458345, -0.9864693, -0.052322, -0.09594756, -0.9940103, 175.0992, 188.1027, 301.059, 185.5134, 183.0131, 208.6045, 10.41418, 5.089569, -92.45453, 0.2627566, 0.06651153, -0.962567, 0.3883793, 0.02529071, -0.9211525, 176.0473, 164.7317, 75.7951, 178.4273, 157.1386, 86.27425, 2.380066, 7.593094, 10.47914, 0.9480133, 23.37102, -225.2639, -7.086105, 25.87454, -122.3302, -8.034119, -2.503525, 102.9337, 4.029483
4, 4, 0.2589214, 0.07114463, -0.963275, -0.0494759, -0.09284869, -0.9944503, 175.776, 164.9549, 74.63583, 185.3341, 182.8482, 208.0516, 9.55809, -17.89331, 133.4158, -0.1246395, 0.01840847, -0.9920315, 0.7219633, 0.1934318, -0.6643443, 178.9369, 187.1612, 278.4015, 163.7664, 132.62, 75.00131, -15.17049, 54.54117, -203.4002, 3.160965, -22.20625, 203.7657, -21.56761, 50.22823, -133.0503, -24.72858, -72.43448, -336.816, 6.264926
5, 0, -0.141039, 0.07012133, -0.9875177, -0.04048967, -0.08903087, -0.9952055, 175.9384, 188.1281, 296.4355, 185.1121, 182.3298, 204.4552, 9.173676, 5.79834, -91.98032, -0.2615381, -0.2354036, -0.9360467, -0.1916097, -0.1455775, -0.9706147, 194.1164, 195.6107, 228.0105, 188.5299, 191.1672, 232.7739, -5.586487, 4.443527, 4.763412, 18.17802, -7.482635, -68.42506, 3.417862, -8.837448, 28.31866, -14.76016, 1.354813, 96.74373, 3.865088
6, 6, -0.1379578, -0.09620393, -0.9857547, -0.03692782, -0.08562946, -0.9956425, 185.5741, 187.9669, 235.1103, 184.9156, 182.1241, 203.3282, -0.658493, 5.842789, -31.7821, 0.9322817, -0.2672711, -0.2437561, 0.8859522, -0.2123025, 0.4123304, 227.6346, 104.6526, 105.9968, 332.7568, 65.0423, 103.4758, 105.1222, 39.61034, -2.520996, 42.06053, 83.31423, -129.1135, 147.8412, 117.0818, -99.85237, 105.7807, -33.76756, 29.26111, 4.321273
7, 3, -0.3212622, -0.06550913, -0.9447219, -0.03980261, -0.08550745, -0.9955422, 183.9667, 198.7811, 258.4747, 184.9091, 182.2895, 204.9614, 0.9424438, 16.49159, -53.51337, 0.942288, -0.03007678, -0.3334498, 0.9614426, -0.07492626, -0.2646019, 185.1541, 109.4875, 91.8282, 195.8103, 105.3876, 94.45612, 10.65623, 4.099854, 2.627914, 1.187408, 89.29364, -166.6465, 10.9012, 76.9019, -110.5052, 9.713791, 12.39174, 56.14128, 3.577387
8, 0, -0.3753765, 0.1377764, -0.9165753, -0.05096202, -0.09427358, -0.9942411, 171.4515, 202.2712, 290.1549, 185.4166, 182.9342, 208.3946, 13.96506, 19.33693, -81.76033, -0.1891182, -0.1676567, -0.967536, -0.1981394, -0.1469592, -0.9690942, 189.8307, 191.0598, 228.4424, 188.623, 191.5553, 233.4358, -1.207748, -0.4955292, 4.993393, 18.37921, 11.21138, -61.71248, 3.206406, -8.621078, 25.04124, -15.17281, 19.83246, 86.75372, 3.988395
9, 8, -0.1160205, -0.01048127, -0.9931915, -0.05283846, -0.09074885, -0.994471, 180.6046, 186.6629, 264.8379, 185.214, 183.0414, 210.2101, 4.60936, 3.62146, -54.62784, 0.05555991, 0.09948682, -0.9934866, 0.1722873, 0.03618791, -0.9843818, 174.2815, 176.7991, 29.18183, 177.8946, 170.0726, 78.13781, 3.613113, 6.726517, 48.95598, -6.323105, 9.863739, -235.6561, -7.319351, 12.9688, -132.0723, -0.9962463, -3.105057, 103.5838, 4.086314
10, 1, -0.1354066, 0.006285527, -0.9907702, -0.04911255, -0.09091048, -0.9946473, 179.6365, 187.7823, 272.6577, 185.2223, 182.8268, 208.3792, 5.585785, 4.955505, -64.2785, -0.2986199, 0.0296401, -0.9539118, -0.4127956, 0.1647868, -0.895793, 178.2203, 197.3826, 275.6685, 169.5766, 204.741, 291.7617, -8.643646, -7.358398, 16.09326, -1.41626, -9.600311, 3.010712, -15.64569, -21.91422, 83.38248, -14.22943, 12.3139, 80.37177, 3.96677
11, 2, -0.06846353, -0.006943344, -0.9976296, -0.05356217, -0.09002877, -0.9944978, 180.3988, 183.9258, 264.209, 185.1727, 183.0829, 210.7503, 4.773926, 0.8429565, -53.45872, -0.9893464, -0.1154772, -0.08864911, -0.9926832, 0.05668666, 0.1066146, 232.4874, 264.8798, 263.3425, 27.99944, 276.1301, 273.2683, -204.488, -11.25034, 9.925781, 52.08865, -80.95392, -0.8665161, -157.1732, -93.04721, 62.51799, -209.2619, 12.09329, 63.38451, 3.987623
12, 3, 0.1054004, 0.07427137, -0.9916525, -0.04799192, -0.08906278, -0.9948692, 175.7167, 173.9329, 54.82922, 185.1156, 182.7618, 208.3182, 9.398865, -8.828827, 153.489, 0.9183512, -0.0431864, -0.3934031, 0.9637551, -0.07181467, -0.256941, 186.2646, 113.1893, 92.69241, 195.6156, 104.9281, 94.26155, 9.350967, 8.261246, 1.569138, 10.54791, 60.74362, 37.8632, 10.50002, 77.83369, -114.0567, -0.04789734, -17.09007, -151.9199, 3.577487
13, 6, -0.1398514, 0.1090952, -0.9841444, -0.05599943, -0.09241695, -0.9941444, 173.6744, 188.0878, 307.9571, 185.311, 183.224, 211.2135, 11.63658, 4.863831, -96.74358, 0.9109361, -0.2980834, -0.2852046, 0.8966619, -0.2087712, 0.3903999, 226.2649, 107.3848, 108.1195, 331.8638, 66.47205, 103.1068, 105.5989, 40.91274, -5.012764, 52.59042, 80.70305, -199.8375, 146.5528, 116.752, -108.1067, 93.96236, -36.04891, 91.73081, 3.720453
14, 7, -0.3572286, 0.127864, -0.9252236, -0.04833925, -0.09450522, -0.99435, 172.1317, 201.1116, 289.694, 185.4292, 182.7832, 207.0897, 13.29752, 18.32837, -82.60431, 0.01796091, 0.1029644, -0.994523, 0.3912081, 0.02494356, -0.9199641, 174.0891, 178.9654, 9.895002, 178.4469, 156.9627, 86.35174, 4.357742, 22.00262, 76.45673, 1.957458, 22.14619, -279.799, -6.982315, 25.82045, -120.7379, -8.939774, -3.674255, 159.0611, 3.485747
15, 0, 0.07253462, -0.01980553, -0.9971692, -0.04932113, -0.09280196, -0.9944623, 181.1378, 175.8396, 105.2723, 185.3313, 182.8393, 207.9892, 4.193481, -6.99971, 102.7169, -0.04029891, -0.08772622, -0.9953292, -0.1933017, -0.1473713, -0.9700084, 185.0369, 182.3185, 204.6727, 188.6388, 191.2702, 232.6785, 3.601852, -8.951645, 28.00578, 3.899063, -6.478928, 99.40039, 3.307434, -8.430862, 24.68932, -0.591629, 1.951935, -74.71107, 3.520464
16, 4, -0.0124823, 0.01008517, -0.9998714, -0.04528467, -0.09088609, -0.9948312, 179.4221, 180.7152, 308.9367, 185.22, 182.6063, 206.4851, 5.797852, -1.891052, -102.4516, 0.4836902, 0.08148948, -0.8714377, 0.7248709, 0.1945124, -0.6608534, 174.6577, 150.9676, 80.43693, 163.599, 132.3549, 74.97906, -11.05873, 18.61266, -5.457863, -4.764389, 29.74763, -228.4998, -21.62097, 50.25134, -131.5061, -16.85658, -20.50371, 96.99376, 3.655329
17, 7, -0.08792295, 0.08480511, -0.9925107, -0.04398201, -0.08965585, -0.9950012, 175.1162, 185.0624, 313.9659, 185.1488, 182.531, 206.131, 10.03258, 2.531418, -107.8349, 0.2431101, 0.03201323, -0.9694703, 0.382011, 0.02841589, -0.9237208, 178.1087, 165.9225, 82.49834, 178.238, 157.5321, 85.74589, 0.1292877, 8.39035, 3.247551, 2.992477, 19.13994, -231.4675, -6.910812, 24.99887, -120.3851, -9.90329, -5.858932, 111.0825, 3.487604
18, 8, -0.02485075, 0.03466279, -0.9990901, -0.05766867, -0.09132633, -0.9941498, 178.013, 181.4248, 324.3622, 185.2487, 183.3199, 212.2707, 7.235718, -1.89505, -112.0915, 0.1548852, 0.0770771, -0.9849213, 0.1662215, 0.03689663, -0.9853979, 175.5253, 171.0631, 63.54322, 177.8557, 170.4252, 77.48482, 2.330338, 0.6378326, 13.94159, -2.48764, 10.36177, -260.819, -7.393021, 12.89465, -134.7858, -4.90538, -2.532883, 126.0331, 3.765963
19, 5, -0.0220528, -0.04504216, -0.9987419, -0.04935769, -0.08592907, -0.9950779, 182.5822, 181.2649, 206.0865, 184.9355, 182.8396, 209.8731, 2.353241, -1.574722, 3.78653, -0.8377149, -0.4457904, 0.3154438, -0.5659394, -0.5152698, 0.6435913, 305.2834, 290.634, 241.9803, 321.3187, 318.6733, 227.6831, 16.03522, -28.03934, -14.29716, 122.7012, -109.3691, 35.89377, 136.3832, -135.8337, 17.81007, 13.68198, 26.46461, -18.08369, 3.896548
20, 8, 0.05463263, 0.02318957, -0.9982374, -0.0427575, -0.09197518, -0.9948429, 178.6692, 176.8674, 67.00054, 185.2821, 182.461, 204.9328, 6.612869, -5.593613, 137.9323, 0.1549006, 0.158844, -0.9750767, 0.1790569, 0.03556123, -0.9831958, 170.7476, 170.9734, 44.2799, 177.9286, 169.6786, 78.76705, 7.181015, 1.294846, 34.48715, -7.921661, 5.893967, -22.72064, -7.353516, 12.78242, -126.1657, 0.5681458, -6.888458, -103.4451, 3.985983
21, 4, -0.06145895, 0.01101308, -0.998049, -0.03576906, -0.08969207, -0.9953271, 179.3678, 183.5238, 280.1592, 185.1492, 182.0582, 201.7421, 5.781387, 1.465622, -78.41719, 0.4342967, 0.06155737, -0.8986643, 0.7246668, 0.1927255, -0.6616003, 176.0814, 154.207, 81.93262, 163.7591, 132.3952, 75.1069, -12.32237, 21.81175, -6.825722, -3.286362, 29.31682, -198.2266, -21.39012, 49.66295, -126.6352, -18.10376, -20.34613, 71.59147, 3.664818
22, 1, -0.1019034, 0.01625025, -0.9946617, -0.04076922, -0.08931383, -0.9951688, 179.064, 185.8496, 279.0605, 185.1284, 182.3459, 204.5353, 6.064407, 3.503632, -74.52518, -0.3525084, 0.03305401, -0.935225, -0.4042881, 0.1672177, -0.8992159, 177.9758, 200.6526, 275.3568, 169.4656, 204.2087, 292.4705, -8.510178, -3.556091, 17.11365, -1.088196, -14.80305, -3.703674, -15.66278, -21.86278, 87.93515, -14.57458, 7.059723, 91.63882, 3.627306
23, 1, -0.08473694, -0.01190747, -0.9963323, -0.04928911, -0.08938506, -0.9947768, 180.6847, 184.8612, 262.001, 185.1345, 182.8366, 208.8734, 4.449768, 2.024673, -53.12759, -0.4986677, 0.03580398, -0.8660536, -0.393982, 0.1646346, -0.9042531, 177.6326, 209.933, 274.1068, 169.6814, 203.5427, 292.6787, -7.951279, 6.39035, 18.57199, -3.052078, -25.07181, 12.10574, -15.45313, -20.70613, 83.80533, -12.40105, -4.365677, 71.69958, 3.886969
24, 2, -0.05783691, 0.009040036, -0.9982853, -0.0454741, -0.08883623, -0.9950077, 179.4812, 183.3158, 278.8836, 185.102, 182.6167, 207.1073, 5.620789, 0.6990814, -71.77628, -0.992528, -0.06443572, 0.1036158, -0.9941038, 0.05428372, 0.09386525, 328.1237, 275.9598, 266.2855, 30.04146, 275.394, 273.1256, -298.0822, 0.5658569, 6.840057, 148.6425, -92.64404, -12.59805, -155.0605, -92.77727, 66.01828, -303.703, 0.1332245, 78.61633, 3.740803
25, 6, -0.03336377, 0.06798746, -0.9971281, -0.0482044, -0.09166358, -0.9946226, 176.0994, 181.9164, 333.8612, 185.2655, 182.7747, 207.7392, 9.166031, -0.8582611, -126.1221, 0.9449196, -0.3239357, 0.04682671, 0.9022929, -0.1912031, 0.3864051, 278.2254, 87.16296, 108.9227, 333.6726, 66.81707, 101.9644, 55.44717, 20.34589, -6.958206, 102.126, 94.75344, -224.9386, 148.4072, 115.9576, -105.7747, 46.28114, -21.20415, 119.1639, 3.854571
26, 5, -0.1040035, 0.033963, -0.9939969, -0.05540316, -0.09203427, -0.9942133, 178.0431, 185.9732, 288.0848, 185.2888, 183.1895, 211.0473, 7.245712, 2.783661, -77.03751, -0.8361482, -0.3657563, 0.4087524, -0.6062555, -0.5201536, 0.6015767, 318.1775, 296.0518, 246.374, 319.1516, 314.778, 229.3711, 0.9741821, -18.72629, -17.00285, 140.1344, -110.0786, -41.71078, 133.8629, -131.5885, 18.32387, -6.27153, 21.50995, 60.03465, 3.151607
27, 3, 0.02351242, 0.2304906, -0.9727904, -0.03296206, -0.09331907, -0.9950905, 166.6703, 178.6154, 5.824612, 185.3575, 181.8972, 199.4542, 18.68721, -3.281784, 193.6296, 0.9628651, 0.01352768, -0.2696436, 0.9652322, -0.07625467, -0.2500238, 177.128, 105.6445, 89.19508, 196.9612, 104.5221, 94.51707, 19.83319, 1.122398, 5.321991, 10.45767, 72.9709, 83.37046, 11.60365, 77.37508, -104.9371, 1.145981, -4.404182, -188.3076, 3.320794
28, 2, 0.05076398, 0.07160203, -0.9961409, -0.0506529, -0.09106267, -0.9945561, 175.8887, 177.0827, 35.33565, 185.2315, 182.9156, 209.0847, 9.342789, -5.83287, 173.749, -0.9971732, -0.06212028, 0.04227219, -0.9893066, 0.05836154, 0.1336654, 304.2349, 272.4274, 266.4353, 23.58724, 277.6946, 273.3761, -280.6476, -5.267212, 6.940796, 128.3462, -95.34473, 231.0997, -161.6442, -94.77907, 64.29144, -289.9904, -0.5656586, -166.8082, 3.096769
29, 4, -0.1333529, 0.1568929, -0.9785715, -0.04341302, -0.0946876, -0.99456, 170.8914, 187.7601, 319.6367, 185.4385, 182.4994, 204.6308, 14.5471, 5.260666, -115.0059, 0.5415775, 0.1919428, -0.8184449, 0.733657, 0.1922879, -0.651746, 166.8015, 146.5068, 70.48495, 163.5621, 131.6164, 75.3134, -3.239349, 14.89043, 4.828453, -4.08992, 41.25328, -249.1518, -21.87637, 50.88304, -129.3174, -17.78645, -9.629761, 119.8344, 3.308696
